"speciesid","probability","loiczid"
"Kew-293259",0.64,120760
"Kew-293259",0.96,120040
"Kew-293259",0.76,119320
"Kew-293259",0.66,118600
"Kew-293259",0.38,117875
"Kew-293259",0.14,117157
"Kew-293259",0.38,117158
"Kew-293259",0.77,117880
"Kew-293259",0.62,117159
"Kew-293259",0.51,117160
"Kew-293259",0.76,116437
"Kew-293259",0.52,116438
"Kew-293259",0.87,115718
"Kew-293259",0.34,116439
"Kew-293259",0.44,116440
"Kew-293259",0.87,115719
"Kew-293259",0.57,115720
"Kew-293259",1,121481
"Kew-293259",1,121482
"Kew-293259",0.92,121483
"Kew-293259",1,120761
"Kew-293259",1,120762
"Kew-293259",1,120041
"Kew-293259",0.92,120763
"Kew-293259",1,120764
"Kew-293259",1,120044
"Kew-293259",1,119324
"Kew-293259",1,118604
"Kew-293259",0.94,119325
"Kew-293259",1,117883
"Kew-293259",1,117884
"Kew-293259",1,117163
"Kew-293259",0.87,116441
"Kew-293259",1,116442
"Kew-293259",1,115721
"Kew-293259",1,115722
"Kew-293259",1,116443
"Kew-293259",0.97,128715
"Kew-293259",0.97,128716
"Kew-293259",0.97,129437
"Kew-293259",0.97,129438
"Kew-293259",0.97,128717
"Kew-293259",0.97,128718
"Kew-293259",0.42,129439
"Kew-293259",0.49,129440
"Kew-293259",0.46,128719
"Kew-293259",0.96,127995
"Kew-293259",0.96,127996
"Kew-293259",0.96,127275
"Kew-293259",0.96,127276
"Kew-293259",0.97,127997
"Kew-293259",0.69,127998
"Kew-293259",0.97,127277
"Kew-293259",0.89,127278
"Kew-293259",0.98,125831
"Kew-293259",0.98,125832
"Kew-293259",0.97,126553
"Kew-293259",0.97,126554
"Kew-293259",0.97,125833
"Kew-293259",0.96,126555
"Kew-293259",0.95,126556
"Kew-293259",0.96,125835
"Kew-293259",0.96,125836
"Kew-293259",0.96,126557
"Kew-293259",0.99,125111
"Kew-293259",0.97,124393
"Kew-293259",0.97,124394
"Kew-293259",0.97,125115
"Kew-293259",0.97,124395
"Kew-293259",1,123672
"Kew-293259",1,122951
"Kew-293259",1,122952
"Kew-293259",1,123673
"Kew-293259",0.36,122956
"Kew-293259",0.31,123677
"Kew-293259",0.37,122957
"Kew-293259",1,120068
"Kew-293259",1,119348
"Kew-293259",1,118627
"Kew-293259",1,118628
"Kew-293259",1,117186
"Kew-293259",1,117907
"Kew-293259",1,117908
"Kew-293259",1,117187
"Kew-293259",1,117188
"Kew-293259",1,116466
"Kew-293259",1,122231
"Kew-293259",1,122232
"Kew-293259",1,121511
"Kew-293259",1,121512
"Kew-293259",1,122233
"Kew-293259",1,122234
"Kew-293259",0.75,122235
"Kew-293259",0.38,122236
"Kew-293259",0.44,120799
"Kew-293259",0.2,120800
"Kew-293259",0.44,120079
"Kew-293259",0.44,120080
"Kew-293259",0.75,119357
"Kew-293259",0.75,119358
"Kew-293259",0.75,118637
"Kew-293259",0.75,118638
"Kew-293259",0.75,119359
"Kew-293259",0.75,119360
"Kew-293259",0.75,118639
"Kew-293259",1,117916
"Kew-293259",1,117196
"Kew-293259",1,117917
"Kew-293259",0.75,117918
"Kew-293259",1,117197
"Kew-293259",0.33,117919
"SLB-159390",0.84,117200
"Kew-308804",0.87,117200
"Kew-293259",0.49,117200
"Kew-293259",1,116476
"Kew-293259",1,115756
"Kew-293259",1,116477
"Kew-293259",1,115757
"Kew-293259",1,115758
"SLB-159390",0.86,116479
"Kew-308804",0.88,116479
"Kew-293259",0.49,116479
"SLB-159390",0.86,116480
"Kew-308804",0.88,116480
"Kew-293259",0.49,116480
"SLB-159390",0.86,115759
"Kew-308804",0.88,115759
"Kew-293259",0.49,115759
"SLB-159390",0.86,115760
"Kew-308804",0.88,115760
"Kew-293259",0.49,115760
"SLB-159390",0.04,129446
"Kew-308804",0.36,129446
"SLB-159390",0.04,128725
"Kew-308804",0.36,128725
"SLB-159390",0.04,128726
"Kew-308804",0.36,128726
"SLB-159390",0.41,129447
"Kew-308804",0.36,129447
"SLB-159390",0.11,129448
"Kew-308804",0.13,129448
"SLB-159390",0.19,128727
"Kew-308804",0.21,128727
"SLB-159390",0.06,128728
"Kew-308804",0.08,128728
"SLB-159390",0.56,129449
"Kew-308804",0.66,129449
"Kew-293259",0.04,129449
"SLB-159390",0.53,129450
"Kew-308804",0.62,129450
"Kew-293259",0.04,129450
"SLB-159390",0.41,128729
"Kew-308804",0.49,128729
"Kew-293259",0.03,128729
"SLB-159390",0.75,128730
"Kew-308804",0.74,128730
"Kew-293259",0.06,128730
"SLB-159390",0.09,127282
"Kew-308804",0.95,127282
"Kew-293259",0.49,127282
"SLB-159390",0.08,127283
"Kew-308804",0.35,127283
"SLB-159390",0.04,127284
"Kew-308804",0.05,127284
"SLB-159390",0.4,128005
"Kew-308804",0.36,128005
"SLB-159390",0.19,128006
"Kew-308804",0.21,128006
"Kew-308804",0.01,127285
"SLB-159390",0.03,127288
"Kew-308804",0.32,127288
"Kew-293259",0.11,127288
"SLB-159390",0.4,128009
"Kew-308804",0.47,128009
"Kew-293259",0.03,128009
"SLB-159390",1,128010
"Kew-308804",1,128010
"Kew-293259",1,128010
"SLB-159390",0.86,127289
"Kew-308804",1,127289
"Kew-293259",0.92,127289
"SLB-159390",1,127290
"SLB-159390",0.28,126561
"Kew-308804",0.35,126561
"SLB-159390",0.67,126562
"Kew-308804",0.67,126562
"SLB-159390",0.31,126563
"Kew-308804",0.38,126563
"SLB-159390",0.19,126565
"Kew-308804",0.2,126565
"SLB-159390",0.54,126566
"Kew-308804",0.66,126566
"Kew-293259",0.56,126566
"SLB-159390",0.48,126568
"Kew-308804",0.58,126568
"Kew-293259",0.48,126568
"SLB-159390",0.71,125847
"Kew-308804",0.84,125847
"Kew-293259",0.75,125847
"SLB-159390",1,125848
"Kew-308804",1,125848
"Kew-293259",1,125848
"Kew-308090",0.43,125848
"SLB-159390",1,126569
"Kew-308804",1,126569
"Kew-293259",1,126569
"SLB-159390",1,126570
"Kew-308804",1,126570
"Kew-293259",1,126570
"Kew-308090",0.15,126570
"SLB-159390",1,125849
"Kew-308804",1,125849
"Kew-293259",1,125849
"Kew-308090",0.43,125849
"SLB-159390",1,125850
"Kew-308804",1,125850
"Kew-293259",1,125850
"Kew-308090",0.43,125850
"SLB-159390",0.69,125127
"Kew-308804",0.82,125127
"Kew-293259",0.73,125127
"SLB-159390",1,125128
"Kew-293259",1,125128
"Kew-308090",0.79,125128
"SLB-159390",1,124407
"Kew-308804",1,124407
"Kew-293259",1,124407
"SLB-159390",1,124408
"Kew-308804",1,124408
"Kew-293259",1,124408
"Kew-308090",0.79,124408
"SLB-159390",1,125129
"Kew-293259",1,125129
"Kew-308090",0.79,125129
"SLB-159390",0.98,123687
"Kew-308804",1,123687
"Kew-293259",1,123687
"SLB-159390",1,123688
"Kew-293259",1,123688
"Kew-308090",1,123688
"SLB-159390",0.96,122967
"Kew-308804",1,122967
"Kew-293259",1,122967
"SLB-159390",1,122968
"Kew-308804",1,122968
"Kew-293259",1,122968
"Kew-308090",0.76,122968
"SLB-159390",0.86,129451
"SLB-159390",1,128731
"Kew-293259",1,128731
"SLB-159390",1,129454
"Kew-293259",1,129454
"Kew-308090",0.45,129454
"SLB-159390",1,128734
"Kew-308804",1,128734
"Kew-293259",1,128734
"Kew-308090",0.45,128734
"SLB-159390",1,129455
"Kew-308804",1,129455
"Kew-293259",1,129455
"Kew-308090",0.55,129455
"SLB-159390",1,129456
"Kew-293259",1,129456
"SLB-159390",1,128735
"Kew-308804",1,128735
"Kew-293259",1,128735
"Kew-308090",0.61,128735
"SLB-159390",1,128736
"Kew-308804",1,128736
"Kew-293259",1,128736
"SLB-159390",0.66,129457
"Kew-308804",0.79,129457
"Kew-293259",0.7,129457
"SLB-159390",0.78,128737
"Kew-293259",0.84,128737
"SLB-159390",0.02,128738
"Kew-308804",0.06,128738
"SLB-159390",0.45,129459
"Kew-308804",0.55,129459
"Kew-293259",0.46,129459
"SLB-159390",1,128011
"Kew-293259",0.67,128011
"Kew-308090",0.67,128011
"SLB-159390",1,128014
"Kew-308804",1,128014
"Kew-293259",1,128014
"Kew-308090",0.79,128014
"SLB-159390",1,127293
"Kew-293259",1,127293
"Kew-308090",0.79,127293
"SLB-159390",1,127294
"Kew-293259",1,127294
"Kew-308090",0.79,127294
"SLB-159390",1,128015
"Kew-308804",1,128015
"Kew-293259",1,128015
"Kew-308090",0.79,128015
"SLB-159390",1,128016
"Kew-308804",1,128016
"Kew-293259",1,128016
"Kew-308090",0.56,128016
"SLB-159390",1,128017
"Kew-293259",1,128017
"SLB-159390",0.1,127298
"Kew-293259",0.06,127298
"SLB-159390",0.56,128019
"Kew-308804",0.69,128019
"Kew-293259",0.6,128019
"SLB-159390",0.68,127299
"Kew-308804",0.83,127299
"Kew-293259",0.74,127299
"SLB-159390",0.27,127300
"Kew-308804",0.34,127300
"Kew-293259",0.25,127300
"SLB-159390",1,126572
"Kew-293259",1,126572
"Kew-308090",0.8,126572
"SLB-159390",1,125851
"Kew-293259",1,125851
"Kew-308090",0.8,125851
"SLB-159390",1,125852
"Kew-308804",1,125852
"Kew-293259",1,125852
"Kew-308090",0.8,125852
"SLB-159390",1,126573
"Kew-293259",1,126573
"Kew-308090",0.85,126573
"SLB-159390",1,125853
"Kew-308804",1,125853
"Kew-293259",1,125853
"Kew-308090",0.85,125853
"SLB-159390",0.83,125854
"Kew-293259",1,125854
"Kew-308090",0.38,125854
"SLB-159390",1,125856
"Kew-293259",1,125856
"Kew-308090",0.71,125856
"SLB-159390",0.53,126578
"Kew-308804",0.64,126578
"Kew-293259",0.55,126578
"SLB-159390",1,125858
"Kew-308804",1,125858
"Kew-293259",1,125858
"SLB-159390",0.99,126579
"Kew-308804",1,126579
"Kew-293259",1,126579
"SLB-159390",0.99,126580
"Kew-308804",1,126580
"Kew-293259",1,126580
"SLB-159390",0.99,125859
"Kew-308804",1,125859
"Kew-293259",1,125859
"Kew-308090",0.35,125859
"SLB-159390",0.57,125860
"SLB-159390",1,125132
"Kew-308804",1,125132
"Kew-293259",1,125132
"Kew-308090",0.61,125132
"SLB-159390",1,125133
"Kew-308804",0.91,125133
"Kew-293259",1,125133
"Kew-308090",0.63,125133
"SLB-159390",0.88,125134
"Kew-293259",1,125134
"Kew-308090",0.45,125134
"SLB-159390",0.69,124413
"Kew-293259",1,124413
"Kew-308090",0.29,124413
"SLB-159390",0.97,125136
"Kew-293259",1,125136
"Kew-308090",0.52,125136
"SLB-159390",0.74,124416
"Kew-293259",1,124416
"Kew-308090",0.32,124416
"SLB-159390",0.9,125137
"Kew-293259",1,125137
"Kew-308090",0.41,125137
"SLB-159390",1,125138
"Kew-308804",1,125138
"Kew-293259",1,125138
"Kew-308090",0.8,125138
"SLB-159390",0.99,124417
"Kew-293259",1,124417
"Kew-308090",0.48,124417
"SLB-159390",1,124418
"Kew-293259",1,124418
"Kew-308090",0.59,124418
"SLB-159390",1,125139
"Kew-293259",1,125139
"Kew-308090",0.56,125139
"SLB-159390",0.49,123695
"Kew-293259",0.92,123695
"Kew-308090",0.11,123695
"SLB-159390",0.6,123696
"Kew-293259",0.97,123696
"Kew-308090",0.22,123696
"SLB-159390",0.37,122976
"Kew-293259",0.87,122976
"SLB-159390",0.7,123697
"Kew-293259",1,123697
"Kew-308090",0.3,123697
"SLB-159390",0.62,123698
"Kew-293259",0.97,123698
"Kew-308090",0.23,123698
"SLB-159390",0.34,122977
"Kew-293259",0.86,122977
"Kew-293259",0.04,122241
"Kew-293259",0.11,121521
"SLB-159390",0.58,121525
"Kew-308804",0.79,121525
"Kew-293259",0.58,121525
"SLB-159390",0.96,121526
"Kew-308804",0.98,121526
"Kew-293259",0.82,121526
"SLB-159390",1,122247
"Kew-308804",1,122247
"Kew-293259",1,122247
"SLB-159390",0.57,122248
"SLB-159390",1,121527
"Kew-308804",1,121527
"Kew-293259",1,121527
"Kew-308090",0.76,121527
"Kew-293259",0.2,120801
"Kew-293259",0.37,120081
"SLB-159390",0.56,120082
"Kew-308804",0.68,120082
"Kew-293259",0.28,120082
"SLB-159390",0.92,120804
"Kew-308804",0.96,120804
"Kew-293259",0.82,120804
"SLB-159390",0.8,120083
"Kew-308804",0.83,120083
"Kew-293259",0.38,120083
"SLB-159390",0.8,120084
"Kew-308804",0.83,120084
"Kew-293259",0.38,120084
"SLB-159390",0.96,120805
"Kew-308804",0.98,120805
"Kew-293259",0.82,120805
"SLB-159390",0.96,120806
"Kew-308804",0.98,120806
"Kew-293259",0.82,120806
"SLB-159390",0.96,120085
"Kew-293259",0.82,120085
"SLB-159390",0.69,119361
"Kew-308804",0.81,119361
"Kew-293259",0.35,119361
"SLB-159390",0.79,119362
"Kew-308804",0.81,119362
"Kew-293259",0.38,119362
"SLB-159390",0.72,118641
"Kew-308804",0.81,118641
"Kew-293259",0.38,118641
"SLB-159390",0.79,118642
"SLB-159390",0.81,119363
"Kew-293259",0.38,119363
"SLB-159390",0.81,119364
"Kew-293259",0.38,119364
"SLB-159390",0.92,119365
"SLB-159390",0.57,118648
"SLB-159390",0.57,118649
"SLB-159390",0.8,117921
"Kew-308804",0.86,117921
"Kew-293259",0.49,117921
"SLB-159390",0.77,117922
"Kew-308804",0.79,117922
"Kew-293259",0.28,117922
"SLB-159390",0.83,117201
"Kew-308804",0.86,117201
"Kew-293259",0.49,117201
"SLB-159390",0.83,117202
"Kew-293259",0.49,117202
"SLB-159390",0.22,117923
"SLB-159390",0.22,117203
"SLB-159390",0.94,117928
"Kew-293259",0.25,117928
"SLB-159390",0.81,117208
"SLB-159390",1,117929
"SLB-159390",1,117930
"Kew-308804",1,117930
"Kew-293259",1,117930
"SLB-159390",1,117209
"Kew-293259",1,117209
"SLB-159390",0.84,116481
"Kew-308804",0.87,116481
"Kew-293259",0.49,116481
"SLB-159390",0.36,116482
"SLB-159390",0.84,115761
"Kew-308804",0.87,115761
"Kew-293259",0.49,115761
"SLB-159390",0.79,115766
"Kew-308804",0.8,115766
"Kew-293259",0.25,115766
"SLB-159390",0.82,116487
"Kew-293259",0.29,116487
"SLB-159390",0.82,116488
"Kew-308804",0.82,116488
"Kew-293259",0.29,116488
"SLB-159390",0.82,115767
"Kew-293259",0.29,115767
"SLB-159390",0.82,115768
"Kew-293259",0.29,115768
"SLB-159390",0.82,116489
"Kew-293259",0.29,116489
"SLB-159390",0.58,116490
"Kew-308804",0.69,116490
"Kew-293259",0.6,116490
"SLB-159390",0.82,115769
"Kew-308804",0.82,115769
"Kew-293259",0.29,115769
"SLB-159390",0.82,115770
"Kew-308804",0.82,115770
"Kew-293259",0.29,115770
"SLB-159390",0.29,118652
"SLB-159390",0.3,118653
"SLB-159390",0.06,118654
"SLB-159390",0.13,118655
"Kew-293259",0.22,118657
"SLB-159390",1,117931
"Kew-293259",1,117931
"Kew-308090",0.64,117931
"SLB-159390",0.9,117932
"Kew-293259",0.67,117932
"Kew-308090",0.22,117932
"SLB-159390",1,117211
"Kew-308804",1,117211
"Kew-293259",1,117211
"SLB-159390",1,117212
"Kew-308804",1,117212
"Kew-293259",1,117212
"Kew-308090",0.64,117212
"SLB-159390",0.49,117933
"Kew-293259",0.61,117933
"Kew-308090",0.04,117933
"SLB-159390",0.32,117934
"Kew-293259",0.56,117934
"SLB-159390",0.6,117213
"Kew-293259",0.64,117213
"Kew-308090",0.08,117213
"SLB-159390",0.38,117214
"Kew-293259",0.58,117214
"SLB-159390",0.76,117935
"Kew-293259",0.19,117935
"Kew-308090",0.04,117935
"SLB-159390",0.37,117936
"Kew-293259",0.5,117936
"SLB-159390",1,117215
"Kew-293259",0.19,117215
"Kew-308090",0.11,117215
"SLB-159390",0.71,117216
"Kew-293259",0.58,117937
"SLB-159390",0.19,117217
"Kew-293259",0.65,117217
"SLB-159390",1,116491
"Kew-308804",1,116491
"Kew-293259",1,116491
"Kew-308090",0.06,116491
"SLB-159390",0.98,116492
"Kew-308804",1,116492
"Kew-293259",1,116492
"SLB-159390",1,115771
"Kew-308804",1,115771
"Kew-293259",1,115771
"Kew-308090",0.61,115771
"SLB-159390",0.1,115772
"Kew-308804",1,115772
"Kew-293259",0.35,115772
"Kew-308090",0.18,115772
"SLB-159390",0.28,116493
"Kew-308804",0.37,116493
"Kew-293259",0.03,116493
"SLB-159390",0.95,116494
"Kew-293259",0.12,116494
"SLB-159390",0.7,115773
"Kew-308804",0.88,115773
"Kew-293259",0.09,115773
"SLB-159390",0.96,116495
"SLB-159390",0.96,115775
"Kew-293259",0.16,115775
"SLB-159390",0.96,115776
"Kew-293259",0.11,115776
"SLB-159390",0.53,116497
"Kew-293259",0.31,116498
"Kew-293259",0.34,115777
"Kew-293259",0.33,115778
"SLB-159390",0.64,127301
"Kew-308804",0.79,127301
"Kew-293259",0.59,127301
"SLB-159390",0.03,127302
"Kew-308804",0.07,127302
"SLB-159390",0.09,128023
"Kew-308804",0.91,128023
"Kew-293259",0.38,128023
"SLB-159390",0.68,127303
"Kew-308804",0.84,127303
"Kew-293259",0.63,127303
"SLB-159390",0.91,125862
"SLB-159390",0.05,126584
"Kew-308804",0.57,126584
"Kew-293259",0.23,126584
"SLB-159390",0.16,125863
"Kew-308804",0.22,125863
"Kew-293259",0.13,125863
"SLB-159390",0.01,125865
"Kew-308804",0.06,125865
"SLB-159390",0.85,125143
"SLB-159390",0.83,125144
"Kew-293259",0.86,125144
"SLB-159390",0.99,124424
"SLB-159390",0.28,125145
"Kew-308804",0.36,125145
"Kew-293259",0.18,125145
"SLB-159390",0.51,124425
"SLB-159390",0.46,125147
"Kew-308804",0.56,125147
"Kew-293259",0.32,125147
"SLB-159390",0.75,124427
"Kew-308804",0.89,124427
"Kew-293259",0.8,124427
"SLB-159390",0.8,124428
"Kew-308804",0.96,124428
"Kew-293259",0.86,124428
"SLB-159390",0.88,122985
"Kew-293259",0.33,122985
"Kew-308090",0.05,122985
"SLB-159390",1,122986
"Kew-293259",1,122986
"Kew-308090",0.29,122986
"SLB-159390",1,123707
"Kew-293259",1,123707
"Kew-308090",0.02,123707
"SLB-159390",0.49,123708
"Kew-308804",0.59,123708
"Kew-293259",0.49,123708
"SLB-159390",1,122987
"Kew-293259",1,122987
"Kew-308090",0.43,122987
"SLB-159390",0.18,122988
"Kew-293259",0.15,122988
"SLB-159390",0.2,123709
"Kew-308804",1,123709
"Kew-293259",1,123709
"Kew-308090",0.03,123709
"SLB-159390",1,122989
"Kew-308804",1,122989
"Kew-293259",1,122989
"SLB-159390",1,122990
"Kew-308804",1,122990
"Kew-293259",1,122990
"SLB-159390",0.2,129475
"Kew-308804",1,129475
"Kew-293259",1,129475
"Kew-308090",0.26,129475
"SLB-159390",0.49,129476
"Kew-308804",0.6,129476
"Kew-293259",0.51,129476
"SLB-159390",0.87,128756
"Kew-308804",1,128756
"Kew-293259",0.93,128756
"SLB-159390",0.96,128757
"Kew-308804",1,128757
"Kew-293259",1,128757
"SLB-159390",0.98,128758
"Kew-308804",1,128758
"Kew-293259",1,128758
"Kew-308090",0.19,128758
"SLB-159390",0.96,129480
"Kew-308804",0.98,129480
"Kew-293259",1,129480
"Kew-308090",0.92,129480
"SLB-159390",0.96,128759
"Kew-308804",0.98,128759
"Kew-293259",1,128759
"Kew-308090",1,128759
"SLB-159390",0.96,128760
"Kew-308804",0.98,128760
"Kew-293259",1,128760
"Kew-308090",1,128760
"SLB-159390",0.08,128036
"Kew-308804",0.98,128036
"Kew-293259",0.45,128036
"SLB-159390",0.92,127316
"Kew-308804",1,127316
"Kew-293259",1,127316
"SLB-159390",0.2,128037
"Kew-308804",1,128037
"Kew-293259",1,128037
"Kew-308090",0.13,128037
"SLB-159390",0.98,128038
"Kew-308804",1,128038
"Kew-293259",1,128038
"Kew-308090",1,128038
"SLB-159390",0.98,127317
"Kew-308804",1,127317
"Kew-293259",1,127317
"Kew-308090",0.94,127317
"SLB-159390",0.98,127318
"Kew-308804",1,127318
"Kew-293259",1,127318
"SLB-159390",0.96,128039
"Kew-308804",0.99,128039
"Kew-293259",1,128039
"Kew-308090",1,128039
"SLB-159390",0.96,127319
"Kew-308804",0.99,127319
"Kew-293259",1,127319
"Kew-308090",1,127319
"SLB-159390",0.5,126596
"Kew-308804",0.61,126596
"Kew-293259",0.51,126596
"SLB-159390",0.84,126597
"Kew-308804",1,126597
"Kew-293259",0.91,126597
"SLB-159390",0.98,126598
"Kew-308804",1,126598
"Kew-293259",1,126598
"Kew-308090",0.81,126598
"SLB-159390",0.98,125877
"Kew-293259",1,125877
"Kew-308090",0.15,125877
"SLB-159390",0.81,125155
"Kew-308804",0.97,125155
"Kew-293259",0.88,125155
"SLB-159390",0.09,124435
"Kew-308804",1,124435
"Kew-293259",0.5,124435
"SLB-159390",1,122991
"Kew-308804",1,122991
"Kew-293259",1,122991
"Kew-308090",0.8,122991
"SLB-159390",0.1,123715
"Kew-308804",1,123715
"Kew-293259",0.5,123715
"Kew-308090",0.24,123715
"SLB-159390",0.95,123716
"Kew-308804",1,123716
"Kew-293259",1,123716
"SLB-159390",0.94,123717
"Kew-308804",1,123717
"Kew-293259",1,123717
"SLB-159390",1,123718
"Kew-308804",1,123718
"Kew-293259",1,123718
"SLB-159390",1,122997
"Kew-308804",1,122997
"Kew-293259",1,122997
"Kew-308090",0.75,122997
"SLB-159390",0.06,122998
"Kew-293259",0.74,122998
"SLB-159390",1,123719
"Kew-293259",1,123719
"Kew-308090",0.41,123719
"SLB-159390",1,122999
"Kew-308804",1,122999
"Kew-293259",1,122999
"SLB-159390",1,123000
"Kew-308804",1,123000
"Kew-293259",1,123000
"Kew-308090",1,123000
"SLB-159390",1,122266
"Kew-293259",1,122266
"Kew-308090",0.44,122266
"SLB-159390",0.79,122269
"Kew-293259",0.85,122269
"SLB-159390",1,122270
"Kew-308804",1,122270
"Kew-293259",1,122270
"SLB-159390",1,121550
"Kew-293259",1,121550
"Kew-308090",0.4,121550
"Kew-293259",0.57,118664
"Kew-293259",0.56,118666
"SLB-159390",0.06,119388
"Kew-293259",0.74,119388
"SLB-159390",0.25,118668
"Kew-293259",0.82,118668
"SLB-159390",0.27,118669
"Kew-293259",0.83,118669
"Kew-293259",0.47,117942
"Kew-293259",0.47,117944
"Kew-293259",0.47,117224
"Kew-293259",0.5,117945
"Kew-293259",0.53,117225
"Kew-293259",0.46,117226
"SLB-159390",0.19,117947
"Kew-293259",0.79,117947
"Kew-293259",0.57,117948
"Kew-293259",0.56,117228
"Kew-293259",0.6,117949
"SLB-159390",0.04,117950
"Kew-293259",0.73,117950
"Kew-293259",0.6,117229
"Kew-293259",0.52,115786
"Kew-293259",0.49,116508
"Kew-293259",0.41,115787
"Kew-293259",0.47,115789
"Kew-293259",0.44,115790
"SLB-159390",1,122271
"Kew-308804",1,122271
"Kew-293259",1,122271
"SLB-159390",1,122272
"Kew-308804",1,122272
"Kew-293259",1,122272
"Kew-308090",0.06,122272
"SLB-159390",1,121551
"Kew-293259",1,121551
"Kew-308090",0.22,121551
"SLB-159390",1,121552
"Kew-308804",1,121552
"Kew-293259",1,121552
"Kew-308090",0.8,121552
"SLB-159390",1,121553
"Kew-308804",1,121553
"Kew-293259",1,121553
"Kew-308090",0.1,121553
"SLB-159390",0.64,121556
"Kew-308804",0.94,121556
"Kew-293259",0.85,121556
"SLB-159390",0.2,122277
"Kew-308804",1,122277
"Kew-293259",1,122277
"Kew-308090",0.01,122277
"SLB-159390",1,122278
"Kew-308804",1,122278
"Kew-293259",1,122278
"Kew-308090",1,122278
"SLB-159390",1,121557
"Kew-308804",1,121557
"Kew-293259",1,121557
"Kew-308090",0.6,121557
"SLB-159390",1,121558
"Kew-308804",1,121558
"Kew-293259",1,121558
"Kew-308090",0.78,121558
"SLB-159390",1,122279
"Kew-308804",1,122279
"Kew-293259",1,122279
"Kew-308090",0.79,122279
"SLB-159390",1,122280
"Kew-308804",1,122280
"Kew-293259",1,122280
"Kew-308090",0.67,122280
"SLB-159390",1,121559
"Kew-293259",1,121559
"SLB-159390",1,121560
"Kew-308804",1,121560
"Kew-293259",1,121560
"Kew-308090",1,121560
"SLB-159390",1,120831
"Kew-293259",1,120831
"Kew-308090",0.8,120831
"SLB-159390",1,120832
"Kew-308804",1,120832
"Kew-293259",1,120832
"Kew-308090",0.77,120832
"SLB-159390",1,120112
"Kew-293259",1,120112
"Kew-308090",0.8,120112
"SLB-159390",1,120833
"Kew-308804",1,120833
"Kew-293259",1,120833
"Kew-308090",0.8,120833
"SLB-159390",1,120113
"Kew-293259",1,120113
"Kew-308090",0.55,120113
"SLB-159390",0.85,120114
"Kew-293259",1,120114
"Kew-308090",0.45,120114
"SLB-159390",1,120836
"Kew-308804",1,120836
"Kew-293259",1,120836
"SLB-159390",1,120115
"Kew-308804",1,120115
"Kew-293259",1,120115
"Kew-308090",1,120115
"SLB-159390",1,120116
"Kew-308804",1,120116
"Kew-293259",1,120116
"Kew-308090",0.16,120116
"SLB-159390",1,120837
"Kew-308804",1,120837
"Kew-293259",1,120837
"Kew-308090",0.56,120837
"SLB-159390",1,120838
"Kew-293259",1,120838
"Kew-308090",1,120838
"SLB-159390",1,120117
"Kew-308804",1,120117
"Kew-293259",1,120117
"Kew-308090",1,120117
"SLB-159390",1,120118
"Kew-293259",1,120118
"Kew-308090",1,120118
"SLB-159390",1,119394
"Kew-308804",1,119394
"Kew-293259",1,119394
"Kew-308090",0.8,119394
"SLB-159390",1,118674
"Kew-308804",1,118674
"Kew-293259",1,118674
"Kew-308090",0.74,118674
"SLB-159390",1,119395
"Kew-308804",1,119395
"Kew-293259",1,119395
"Kew-308090",0.89,119395
"SLB-159390",1,119396
"Kew-308804",1,119396
"Kew-293259",1,119396
"Kew-308090",0.95,119396
"Kew-293259",0.55,118675
"SLB-159390",1,119397
"Kew-308804",1,119397
"Kew-293259",1,119397
"Kew-308090",1,119397
"SLB-159390",1,119398
"Kew-308804",1,119398
"Kew-293259",1,119398
"Kew-308090",0.75,119398
"SLB-159390",1,118677
"Kew-308804",1,118677
"Kew-293259",1,118677
"Kew-308090",1,118677
"SLB-159390",1,118678
"Kew-308804",1,118678
"Kew-293259",1,118678
"Kew-308090",0.91,118678
"Kew-293259",0.69,117951
"SLB-159390",1,117954
"Kew-293259",1,117954
"Kew-308090",0.75,117954
"Kew-293259",0.62,117955
"SLB-159390",1,117956
"Kew-308804",1,117956
"Kew-293259",1,117956
"Kew-308090",1,117956
"SLB-159390",0.75,117235
"Kew-293259",1,117235
"Kew-308090",0.36,117235
"SLB-159390",1,117236
"Kew-308804",1,117236
"Kew-293259",1,117236
"Kew-308090",0.81,117236
"SLB-159390",1,117237
"Kew-308804",1,117237
"Kew-293259",1,117237
"Kew-308090",1,117237
"SLB-159390",1,117240
"Kew-308804",1,117240
"Kew-293259",1,117240
"Kew-308090",0.97,117240
"SLB-159390",1,116516
"Kew-308804",0.18,116516
"Kew-293259",1,116516
"Kew-308090",0.62,116516
"SLB-159390",1,116517
"Kew-308804",1,116517
"Kew-293259",1,116517
"Kew-308090",0.73,116517
"SLB-159390",1,116518
"Kew-308804",1,116518
"Kew-293259",1,116518
"Kew-308090",1,116518
"SLB-159390",0.27,115797
"Kew-293259",0.83,115797
"SLB-159390",1,115798
"Kew-308804",1,115798
"Kew-293259",1,115798
"Kew-308090",0.72,115798
"SLB-159390",1,115799
"Kew-308804",1,115799
"Kew-293259",1,115799
"Kew-308090",1,115799
"SLB-159390",0.94,129481
"Kew-308804",0.96,129481
"Kew-293259",1,129481
"Kew-308090",0.83,129481
"SLB-159390",0.94,129482
"Kew-308804",0.96,129482
"Kew-293259",1,129482
"Kew-308090",1,129482
"SLB-159390",0.94,128761
"Kew-308804",0.96,128761
"Kew-293259",1,128761
"Kew-308090",1,128761
"SLB-159390",0.94,128762
"Kew-308804",0.09,128762
"Kew-293259",1,128762
"Kew-308090",0.62,128762
"SLB-159390",0.93,129483
"Kew-308804",0.95,129483
"Kew-293259",0.99,129483
"Kew-308090",1,129483
"SLB-159390",0.93,129484
"Kew-308804",0.95,129484
"Kew-293259",0.99,129484
"Kew-308090",1,129484
"SLB-159390",0.19,128763
"Kew-308804",0.09,128763
"Kew-293259",0.99,128763
"Kew-308090",0.62,128763
"SLB-159390",0.18,128764
"Kew-293259",0.99,128764
"Kew-308090",0.57,128764
"SLB-159390",0.94,129485
"Kew-308804",0.96,129485
"Kew-293259",1,129485
"Kew-308090",0.71,129485
"SLB-159390",0.78,129486
"Kew-293259",1,129486
"Kew-308090",0.44,129486
"SLB-159390",0.18,128765
"Kew-293259",1,128765
"Kew-308090",0.55,128765
"SLB-159390",0.32,128766
"Kew-293259",1,128766
"Kew-308090",0.47,128766
"SLB-159390",0.96,129487
"Kew-308804",0.99,129487
"Kew-293259",1,129487
"Kew-308090",0.81,129487
"SLB-159390",0.96,129488
"Kew-308804",0.99,129488
"Kew-293259",1,129488
"Kew-308090",1,129488
"SLB-159390",0.87,128767
"Kew-293259",1,128767
"Kew-308090",0.51,128767
"SLB-159390",0.96,128768
"Kew-308804",0.99,128768
"Kew-293259",1,128768
"Kew-308090",1,128768
"SLB-159390",1,129489
"Kew-308804",1,129489
"Kew-293259",1,129489
"Kew-308090",1,129489
"SLB-159390",1,129490
"Kew-308804",1,129490
"Kew-293259",1,129490
"Kew-308090",1,129490
"SLB-159390",1,128769
"Kew-308804",1,128769
"Kew-293259",1,128769
"Kew-308090",1,128769
"SLB-159390",1,128770
"Kew-308804",1,128770
"Kew-293259",1,128770
"Kew-308090",1,128770
"SLB-159390",0.95,128041
"Kew-308804",0.97,128041
"Kew-293259",1,128041
"Kew-308090",1,128041
"SLB-159390",0.95,128042
"Kew-308804",0.97,128042
"Kew-293259",1,128042
"Kew-308090",1,128042
"SLB-159390",0.93,128043
"Kew-308804",0.95,128043
"Kew-293259",0.99,128043
"Kew-308090",0.74,128043
"SLB-159390",0.93,128044
"Kew-308804",0.95,128044
"Kew-293259",0.99,128044
"Kew-308090",1,128044
"SLB-159390",0.94,128045
"Kew-308804",0.96,128045
"Kew-293259",1,128045
"Kew-308090",0.7,128045
"SLB-159390",0.94,128046
"Kew-308804",0.96,128046
"Kew-293259",1,128046
"Kew-308090",0.89,128046
"SLB-159390",0.96,128047
"Kew-308804",0.98,128047
"Kew-293259",1,128047
"Kew-308090",0.8,128047
"SLB-159390",1,128049
"Kew-308804",1,128049
"Kew-293259",1,128049
"Kew-308090",1,128049
"SLB-159390",1,128050
"Kew-308804",1,128050
"Kew-293259",1,128050
"Kew-308090",1,128050
"SLB-159390",1,127330
"Kew-308804",1,127330
"Kew-293259",1,127330
"Kew-308090",1,127330
"SLB-159390",0.7,123001
"Kew-293259",1,123001
"Kew-308090",0.33,123001
"SLB-159390",1,128773
"Kew-308804",1,128773
"Kew-293259",1,128773
"Kew-308090",1,128773
"SLB-159390",1,129495
"Kew-308804",1,129495
"Kew-293259",1,129495
"Kew-308090",1,129495
"SLB-159390",1,129496
"Kew-308804",1,129496
"Kew-293259",0.9,129496
"Kew-308090",1,129496
"SLB-159390",1,128775
"Kew-308804",1,128775
"Kew-293259",1,128775
"Kew-308090",1,128775
"SLB-159390",1,128776
"Kew-308804",1,128776
"Kew-293259",1,128776
"Kew-308090",0.38,128776
"SLB-159390",1,129497
"Kew-308804",1,129497
"Kew-293259",0.9,129497
"Kew-308090",1,129497
"SLB-159390",1,129498
"Kew-308804",1,129498
"Kew-293259",0.72,129498
"Kew-308090",0.95,129498
"SLB-159390",1,128777
"Kew-308804",1,128777
"Kew-293259",0.72,128777
"Kew-308090",0.95,128777
"SLB-159390",1,128778
"Kew-308804",1,128778
"Kew-293259",0.72,128778
"Kew-308090",0.84,128778
"SLB-159390",0.98,129499
"Kew-308804",1,129499
"Kew-293259",0.72,129499
"Kew-308090",0.95,129499
"SLB-159390",0.98,129500
"Kew-308804",1,129500
"Kew-293259",0.72,129500
"Kew-308090",0.95,129500
"SLB-159390",0.98,128779
"Kew-308804",1,128779
"Kew-293259",0.72,128779
"Kew-308090",0.95,128779
"SLB-159390",1,128051
"Kew-308804",1,128051
"Kew-293259",1,128051
"Kew-308090",1,128051
"SLB-159390",1,127331
"Kew-308804",1,127331
"Kew-293259",0.98,127331
"Kew-308090",1,127331
"SLB-159390",1,128053
"Kew-308804",1,128053
"Kew-293259",0.93,128053
"Kew-308090",1,128053
"SLB-159390",1,128055
"Kew-308804",1,128055
"Kew-293259",0.93,128055
"Kew-308090",1,128055
"SLB-159390",1,128056
"Kew-308804",1,128056
"Kew-293259",0.77,128056
"SLB-159390",1,127336
"Kew-308804",1,127336
"Kew-293259",0.77,127336
"Kew-308090",0.98,127336
"SLB-159390",1,128057
"Kew-308804",1,128057
"Kew-293259",0.64,128057
"Kew-308090",0.87,128057
"SLB-159390",1,128058
"Kew-308804",1,128058
"Kew-293259",0.64,128058
"Kew-308090",0.87,128058
"SLB-159390",1,127337
"Kew-308804",1,127337
"Kew-293259",0.77,127337
"Kew-308090",1,127337
"SLB-159390",1,127338
"Kew-308804",1,127338
"Kew-293259",0.64,127338
"Kew-308090",0.87,127338
"SLB-159390",1,126611
"Kew-308804",1,126611
"Kew-293259",0.98,126611
"Kew-308090",1,126611
"SLB-159390",0.69,125891
"Kew-293259",0.98,125891
"Kew-308090",0.31,125891
"SLB-159390",0.76,125892
"Kew-293259",0.98,125892
"Kew-308090",0.38,125892
"SLB-159390",1,126616
"Kew-308804",1,126616
"Kew-293259",0.77,126616
"Kew-308090",0.98,126616
"SLB-159390",1,126617
"Kew-308804",1,126617
"Kew-293259",0.77,126617
"Kew-308090",1,126617
"SLB-159390",1,126618
"Kew-308804",1,126618
"Kew-293259",0.64,126618
"Kew-308090",0.87,126618
"SLB-159390",1,125897
"Kew-308804",1,125897
"Kew-293259",0.75,125897
"Kew-308090",0.98,125897
"SLB-159390",1,125898
"Kew-308804",1,125898
"Kew-293259",0.75,125898
"Kew-308090",0.98,125898
"SLB-159390",0.25,125172
"Kew-293259",0.76,125172
"Kew-293259",0.57,124451
"Kew-293259",0.58,124452
"SLB-159390",0.68,124454
"Kew-293259",0.87,124454
"Kew-308090",0.3,124454
"Kew-293259",0.44,123011
"Kew-293259",0.45,123012
"SLB-159390",0.4,123734
"Kew-293259",0.75,123734
"Kew-308090",0.02,123734
"SLB-159390",0.13,123014
"Kew-293259",0.66,123014
"SLB-159390",0.09,123015
"Kew-293259",0.62,123015
"SLB-159390",1,122281
"Kew-308804",1,122281
"Kew-293259",1,122281
"Kew-308090",0.96,122281
"SLB-159390",1,122282
"Kew-308804",1,122282
"Kew-293259",1,122282
"Kew-308090",1,122282
"SLB-159390",1,121561
"Kew-308804",1,121561
"Kew-293259",1,121561
"Kew-308090",0.13,121561
"SLB-159390",1,121562
"Kew-308804",1,121562
"Kew-293259",1,121562
"Kew-308090",0.63,121562
"SLB-159390",1,121563
"Kew-308804",1,121563
"Kew-293259",1,121563
"Kew-308090",1,121563
"SLB-159390",1,121564
"Kew-308804",0.09,121564
"Kew-293259",1,121564
"Kew-308090",0.62,121564
"Kew-293259",0.61,121570
"SLB-159390",1,120841
"Kew-308804",1,120841
"Kew-293259",1,120841
"Kew-308090",1,120841
"SLB-159390",1,120842
"Kew-308804",1,120842
"Kew-293259",1,120842
"SLB-159390",1,120122
"Kew-293259",1,120122
"Kew-308090",1,120122
"SLB-159390",1,120843
"Kew-308804",1,120843
"Kew-293259",1,120843
"Kew-308090",0.03,120843
"SLB-159390",0.96,120844
"Kew-293259",1,120844
"Kew-308090",0.57,120844
"SLB-159390",1,120123
"Kew-308804",1,120123
"Kew-293259",1,120123
"Kew-308090",0.29,120123
"SLB-159390",1,120124
"Kew-308804",1,120124
"Kew-293259",1,120124
"Kew-308090",1,120124
"SLB-159390",1,120845
"Kew-308804",1,120845
"Kew-293259",1,120845
"Kew-308090",1,120845
"SLB-159390",1,120125
"Kew-308804",1,120125
"Kew-293259",1,120125
"Kew-308090",1,120125
"SLB-159390",0.13,120849
"Kew-293259",0.77,120849
"Kew-293259",0.54,120850
"Kew-293259",0.62,120129
"SLB-159390",1,119404
"Kew-308804",1,119404
"Kew-293259",1,119404
"Kew-308090",1,119404
"SLB-159390",1,119405
"Kew-308804",1,119405
"Kew-293259",1,119405
"Kew-308090",1,119405
"SLB-159390",0.36,119406
"Kew-293259",0.86,119406
"SLB-159390",1,118685
"Kew-308804",1,118685
"Kew-293259",1,118685
"Kew-308090",1,118685
"SLB-159390",1,118686
"Kew-308804",1,118686
"Kew-293259",1,118686
"Kew-308090",1,118686
"SLB-159390",1,119407
"Kew-308804",1,119407
"Kew-293259",1,119407
"Kew-308090",1,119407
"SLB-159390",0.71,119408
"SLB-159390",1,118687
"Kew-308804",1,118687
"Kew-293259",1,118687
"Kew-308090",1,118687
"SLB-159390",1,118688
"Kew-308804",1,118688
"Kew-293259",1,118688
"Kew-308090",1,118688
"SLB-159390",1,119409
"Kew-308804",1,119409
"Kew-293259",1,119409
"Kew-308090",0.94,119409
"SLB-159390",1,118689
"Kew-308804",1,118689
"Kew-293259",1,118689
"Kew-308090",1,118689
"SLB-159390",0.84,117241
"Kew-293259",1,117241
"Kew-308090",0.46,117241
"SLB-159390",1,117965
"Kew-308804",1,117965
"Kew-293259",1,117965
"Kew-308090",1,117965
"SLB-159390",1,117966
"Kew-308804",1,117966
"Kew-293259",1,117966
"Kew-308090",0.6,117966
"SLB-159390",1,117967
"Kew-308804",1,117967
"Kew-293259",1,117967
"Kew-308090",1,117967
"SLB-159390",1,117968
"Kew-308804",1,117968
"Kew-293259",1,117968
"Kew-308090",1,117968
"SLB-159390",1,117247
"Kew-308804",1,117247
"Kew-293259",1,117247
"Kew-308090",0.94,117247
"SLB-159390",1,117248
"Kew-308804",1,117248
"Kew-293259",1,117248
"Kew-308090",1,117248
"SLB-159390",0.84,117969
"Kew-293259",1,117969
"Kew-308090",0.46,117969
"SLB-159390",1,117249
"Kew-308804",1,117249
"Kew-293259",1,117249
"Kew-308090",1,117249
"SLB-159390",0.94,117250
"Kew-293259",0.67,117250
"Kew-308090",0.49,117250
"SLB-159390",1,116522
"Kew-308804",1,116522
"Kew-293259",1,116522
"Kew-308090",0.76,116522
"SLB-159390",0.79,115803
"Kew-293259",1,115803
"Kew-308090",0.41,115803
"SLB-159390",1,116526
"Kew-308804",1,116526
"Kew-293259",1,116526
"Kew-308090",1,116526
"SLB-159390",0.81,115805
"Kew-293259",1,115805
"Kew-308090",0.42,115805
"SLB-159390",1,115806
"Kew-308804",1,115806
"Kew-293259",1,115806
"Kew-308090",1,115806
"SLB-159390",1,116527
"Kew-308804",1,116527
"Kew-293259",1,116527
"Kew-308090",1,116527
"SLB-159390",1,116528
"Kew-308804",1,116528
"Kew-293259",1,116528
"Kew-308090",1,116528
"SLB-159390",1,115807
"Kew-308804",1,115807
"Kew-293259",1,115807
"Kew-308090",0.97,115807
"SLB-159390",1,115808
"Kew-308804",1,115808
"Kew-293259",1,115808
"Kew-308090",1,115808
"SLB-159390",1,116530
"Kew-308804",1,116530
"Kew-293259",0.67,116530
"Kew-308090",0.89,116530
"SLB-159390",1,115809
"Kew-308804",1,115809
"Kew-293259",1,115809
"Kew-308090",1,115809
"SLB-159390",1,115810
"Kew-308804",1,115810
"Kew-293259",0.67,115810
"Kew-308090",0.89,115810
"Kew-293259",0.47,122291
"Kew-293259",0.4,122292
"Kew-293259",0.62,121571
"Kew-293259",0.44,121572
"Kew-293259",0.52,121574
"Kew-293259",0.52,120851
"SLB-159390",0.12,120852
"Kew-293259",0.71,120852
"Kew-293259",0.39,120131
"SLB-159390",0.69,120132
"Kew-293259",0.93,120132
"Kew-308090",0.3,120132
"Kew-293259",0.63,120853
"Kew-293259",0.49,120133
"Kew-293259",0.4,119412
"Kew-293259",0.4,119413
"Kew-293259",0.13,119414
"Kew-293259",0.45,118693
"Kew-293259",0.11,118694
"Kew-293259",0.24,117251
"Kew-293259",0.3,117973
"Kew-293259",0.26,117253
"SLB-159390",1,116531
"Kew-308804",1,116531
"Kew-293259",0.67,116531
"Kew-308090",0.89,116531
"Kew-293259",0.45,116532
"SLB-159390",1,115811
"Kew-308804",1,115811
"Kew-293259",0.67,115811
"Kew-308090",0.89,115811
"Kew-293259",0.33,115812
"Kew-293259",0.29,116533
"Kew-293259",0.41,115813
"SLB-159390",0.96,129501
"Kew-308804",0.98,129501
"Kew-293259",0.75,129501
"Kew-308090",0.98,129501
"SLB-159390",0.96,129502
"Kew-308804",0.98,129502
"Kew-293259",0.75,129502
"Kew-308090",0.84,129502
"SLB-159390",0.96,128782
"Kew-308804",0.98,128782
"Kew-293259",0.75,128782
"Kew-308090",0.98,128782
"SLB-159390",0.94,129503
"Kew-308804",0.96,129503
"Kew-293259",0.75,129503
"Kew-308090",0.98,129503
"SLB-159390",0.94,128783
"Kew-308804",0.96,128783
"Kew-293259",0.75,128783
"Kew-308090",0.98,128783
"SLB-159390",0.92,128789
"Kew-293259",0.71,128789
"Kew-308090",0.57,128789
"SLB-159390",0.95,128063
"Kew-308804",0.97,128063
"Kew-293259",0.69,128063
"Kew-308090",0.91,128063
"SLB-159390",0.85,125904
"Kew-293259",0.68,125904
"Kew-308090",0.45,125904
"Kew-293259",0.38,125184
"Kew-293259",0.29,123025
"Kew-293259",0.26,122305
"Kew-293259",0.32,120149
"SLB-159390",0.4,119429
"Kew-293259",0.84,119429
"Kew-308090",0.02,119429
"Kew-293259",0.2,119430
"SLB-159390",0.19,118709
"Kew-293259",0.76,118709
"Kew-293259",0.36,118710
"Kew-293259",0.39,117990
"Kew-293259",0.26,117995
"Kew-293259",0.25,117996
"Kew-293259",0.28,117275
"Kew-293259",0.24,117276
"Kew-293259",0.19,116557
"Kew-293259",0.17,115837
"Kew-293259",0.16,115840
"Kew-293259",0.29,120167
"Kew-293259",0.26,119448
"Kew-293259",0.27,119450
"Kew-293259",0.26,118730
"Kew-293259",0.24,118001
"Kew-293259",0.25,118010
"Kew-293259",0.27,117290
"Kew-293259",0.22,121611
"Kew-293259",0.32,120179
"Kew-293259",0.26,118732
"Kew-293259",0.38,119453
"Kew-293259",0.24,118733
"Kew-293259",0.24,118736
"Kew-293259",0.37,118738
"Kew-293259",0.28,119459
"Kew-293259",0.28,118739
"Kew-293259",0.24,118011
"Kew-293259",0.21,118012
"Kew-293259",0.25,118016
"Kew-293259",0.39,118018
"Kew-293259",0.37,117298
"Kew-293259",0.33,117300
"Kew-293259",0.19,116577
"SLB-159390",0.28,128110
"Kew-293259",0.41,128110
"Kew-293259",0.27,124510
"Kew-293259",0.32,124511
"Kew-293259",0.3,122348
"Kew-293259",0.46,121628
"Kew-293259",0.24,120186
"SLB-159390",0.23,119464
"Kew-293259",0.59,119464
"Kew-293259",0.37,118744
"Kew-293259",0.19,119465
"Kew-293259",0.18,118745
"Kew-293259",0.31,117301
"Kew-293259",0.2,118024
"Kew-293259",0.18,117303
"Kew-293259",0.38,117304
"Kew-293259",0.24,117305
"Kew-293259",0.27,118029
"Kew-293259",0.44,121635
"Kew-293259",0.33,120196
"Kew-293259",0.46,120197
"Kew-293259",0.29,118751
"Kew-293259",0.21,119476
"Kew-293259",0.22,119477
"SLB-159390",0.11,123098
"Kew-293259",0.42,123098
"Kew-293259",0.41,122366
"Kew-293259",0.45,122367
"Kew-293259",0.36,120922
"Kew-293259",0.15,115882
"Kew-293259",0.13,115883
"Kew-293259",0.36,121657
"Kew-293259",0.33,121659
"Kew-293259",0.35,121660
"Kew-293259",0.3,120939
"Kew-293259",0.35,120940
"SLB-159390",0.02,119498
"Kew-293259",0.53,119498
"Kew-293259",0.38,118777
"Kew-293259",0.22,118778
"Kew-293259",0.22,118779
"Kew-293259",0.19,117332
"Kew-293259",0.19,117333
"Kew-293259",0.22,117336
"Kew-293259",0.33,118057
"Kew-293259",0.47,116612
"Kew-293259",0.37,116614
"SLB-159390",0.06,116615
"Kew-293259",0.49,116615
"Kew-293259",0.27,116616
"Kew-293259",0.15,116620
"Kew-293259",0.12,115899
"Kew-293259",0.17,115900
"SLB-159390",1,128866
"Kew-308090",0.02,128866
"SLB-159390",0.97,129587
"Kew-308090",0.01,129587
"SLB-159390",0.9,129588
"Kew-308090",0.01,129588
"SLB-159390",1,128867
"Kew-308804",0.54,128867
"Kew-308090",0.02,128867
"SLB-159390",0.86,128868
"Kew-308090",0.01,128868
"SLB-159390",0.87,128146
"Kew-308090",0.04,128146
"SLB-159390",1,127426
"Kew-308804",1,127426
"Kew-308090",0.08,127426
"SLB-159390",1,128147
"Kew-308804",0.45,128147
"Kew-308090",0.06,128147
"SLB-159390",1,127427
"Kew-308804",1,127427
"Kew-308090",0.07,127427
"SLB-159390",0.66,126706
"Kew-308090",0.05,126706
"SLB-159390",0.57,126707
"Kew-308090",0.03,126707
"SLB-159390",0.85,125266
"Kew-293259",0.11,125266
"Kew-308090",0.14,125266
"SLB-159390",0.3,125267
"Kew-293259",0.1,125267
"Kew-293259",0.25,121665
"Kew-293259",0.3,120944
"Kew-293259",0.29,120945
"Kew-293259",0.3,119503
"Kew-293259",0.36,119504
"Kew-293259",0.38,117342
"Kew-293259",0.22,118063
"Kew-293259",0.25,117343
"Kew-293259",0.14,116621
"Kew-293259",0.12,115901
"Kew-293259",0.7,114999
"Kew-293259",0.3,115000
"Kew-293259",0.71,114280
"Kew-293259",0.59,113560
"Kew-293259",0.76,112840
"Kew-293259",0.95,112120
"Kew-293259",1,115001
"Kew-293259",1,114281
"Kew-293259",1,113561
"Kew-293259",1,112121
"Kew-293259",0.93,111401
"Kew-293259",1,110682
"Kew-293259",1,115025
"Kew-293259",1,115026
"Kew-293259",1,114305
"Kew-293259",1,114306
"Kew-293259",1,113585
"Kew-293259",1,113586
"Kew-293259",1,112865
"Kew-293259",1,112866
"Kew-293259",0.85,113587
"Kew-293259",0.85,113588
"Kew-293259",0.85,112867
"Kew-293259",0.75,112145
"Kew-293259",0.75,112146
"Kew-293259",0.75,111425
"Kew-293259",0.75,111426
"Kew-293259",0.45,112147
"Kew-293259",0.45,112148
"Kew-293259",0.45,111427
"Kew-293259",0.38,110706
"Kew-293259",0.38,109986
"Kew-293259",0.3,115036
"Kew-293259",0.3,114316
"Kew-293259",0.3,115037
"Kew-293259",0.22,115038
"Kew-293259",0.3,114317
"Kew-293259",0.3,114318
"SLB-159390",0.84,115039
"Kew-308804",0.85,115039
"Kew-293259",0.38,115039
"SLB-159390",0.84,115040
"Kew-308804",0.85,115040
"Kew-293259",0.38,115040
"SLB-159390",0.84,114319
"Kew-308804",0.85,114319
"Kew-293259",0.38,114319
"SLB-159390",0.84,114320
"Kew-308804",0.85,114320
"Kew-293259",0.38,114320
"Kew-293259",0.57,113595
"Kew-293259",0.55,113596
"Kew-293259",0.57,112875
"Kew-293259",0.57,112876
"Kew-293259",0.57,113597
"Kew-293259",0.57,113598
"Kew-293259",0.57,112877
"Kew-293259",0.57,112878
"SLB-159390",0.73,113600
"Kew-308804",0.73,113600
"SLB-159390",0.73,112880
"Kew-308804",0.73,112880
"Kew-293259",0.11,112155
"Kew-293259",0.11,112156
"Kew-293259",0.11,111435
"Kew-293259",0.11,111436
"Kew-293259",0.11,112157
"Kew-293259",0.11,112158
"Kew-293259",0.11,111437
"Kew-293259",0.11,111438
"SLB-159390",0.21,112160
"Kew-308804",0.2,112160
"SLB-159390",0.28,111440
"Kew-308804",0.24,111440
"SLB-159390",0.82,115041
"Kew-293259",0.38,115041
"SLB-159390",0.7,115046
"Kew-308804",0.71,115046
"SLB-159390",0.7,114326
"SLB-159390",0.72,115047
"Kew-308804",0.71,115047
"SLB-159390",0.82,115048
"Kew-308804",0.82,115048
"Kew-293259",0.29,115048
"SLB-159390",0.72,114327
"Kew-308804",0.71,114327
"SLB-159390",0.72,114328
"Kew-308804",0.71,114328
"SLB-159390",0.82,115049
"Kew-308804",0.82,115049
"Kew-293259",0.29,115049
"SLB-159390",0.82,115050
"Kew-308804",0.82,115050
"Kew-293259",0.29,115050
"SLB-159390",0.82,114329
"Kew-308804",0.82,114329
"Kew-293259",0.29,114329
"SLB-159390",0.1,112882
"SLB-159390",0.69,113606
"Kew-308804",0.7,113606
"SLB-159390",0.67,112885
"Kew-308804",0.67,112885
"SLB-159390",0.67,112886
"Kew-308804",0.67,112886
"SLB-159390",0.71,113607
"Kew-308804",0.71,113607
"SLB-159390",0.71,113608
"Kew-308804",0.71,113608
"SLB-159390",0.71,112887
"Kew-308804",0.71,112887
"SLB-159390",0.29,112161
"Kew-308804",0.24,112161
"SLB-159390",0.25,112162
"SLB-159390",0.16,111441
"Kew-308804",0.15,111441
"SLB-159390",0.29,111442
"Kew-308804",0.24,111442
"SLB-159390",0.29,112163
"SLB-159390",0.67,112164
"SLB-159390",0.29,111443
"Kew-308804",0.24,111443
"SLB-159390",0.29,111444
"Kew-308804",0.24,111444
"SLB-159390",0.67,112165
"Kew-308804",0.67,112165
"SLB-159390",0.67,112166
"Kew-308804",0.67,112166
"SLB-159390",0.51,111445
"Kew-308804",0.6,111445
"SLB-159390",0.04,110723
"SLB-159390",1,115051
"Kew-308804",1,115051
"Kew-293259",1,115051
"Kew-308090",0.57,115051
"SLB-159390",0.08,115053
"Kew-308804",1,115053
"SLB-159390",0.84,115054
"Kew-308804",1,115054
"SLB-159390",0.08,114334
"Kew-308804",1,114334
"SLB-159390",0.87,115055
"Kew-308804",1,115055
"SLB-159390",0.87,115056
"SLB-159390",0.78,114335
"Kew-308804",1,114335
"SLB-159390",0.73,114336
"SLB-159390",1,115057
"Kew-293259",0.26,115057
"SLB-159390",1,115058
"Kew-293259",0.26,115058
"SLB-159390",1,114337
"Kew-293259",0.26,114337
"SLB-159390",1,114338
"Kew-308804",1,114338
"Kew-293259",0.26,114338
"SLB-159390",0.55,115059
"Kew-293259",0.49,115059
"Kew-308090",0.04,115059
"SLB-159390",1,114339
"Kew-308804",1,114339
"Kew-293259",0.52,114339
"Kew-308090",0.26,114339
"SLB-159390",0.98,113617
"Kew-308804",0.36,113617
"Kew-293259",0.2,113617
"SLB-159390",0.98,113618
"Kew-308804",1,113618
"Kew-293259",0.2,113618
"SLB-159390",1,113619
"Kew-308804",1,113619
"Kew-293259",0.3,113619
"Kew-308090",0.04,113619
"SLB-159390",0.69,113620
"Kew-293259",0.3,113620
"Kew-308090",0.01,113620
"SLB-159390",1,112899
"Kew-308804",1,112899
"Kew-293259",0.3,112899
"Kew-308090",0.04,112899
"SLB-159390",0.9,112900
"Kew-293259",0.3,112900
"Kew-308090",0.02,112900
"SLB-159390",0.91,112179
"Kew-308804",1,112179
"Kew-293259",0.02,112179
"SLB-159390",0.91,112180
"Kew-293259",0.02,112180
"SLB-159390",0.91,111459
"Kew-308804",1,111459
"Kew-293259",0.02,111459
"SLB-159390",0.91,111460
"Kew-308804",1,111460
"Kew-293259",0.02,111460
"SLB-159390",0.82,110739
"Kew-308804",1,110739
"SLB-159390",0.82,110740
"SLB-159390",0.82,110019
"Kew-308804",1,110019
"SLB-159390",0.62,108578
"Kew-308804",1,108578
"SLB-159390",0.72,109299
"Kew-308804",1,109299
"SLB-159390",0.72,108579
"Kew-308804",1,108579
"SLB-159390",0.48,107858
"Kew-308804",1,107858
"SLB-159390",0.48,107137
"Kew-308804",1,107137
"SLB-159390",0.48,107138
"Kew-308804",1,107138
"SLB-159390",0.6,107859
"Kew-308804",1,107859
"SLB-159390",0.56,107139
"SLB-159390",0.34,106416
"Kew-308804",1,106416
"SLB-159390",0.26,105695
"Kew-308804",0.91,105695
"SLB-159390",0.34,105696
"Kew-308804",1,105696
"SLB-159390",0.41,106417
"Kew-308804",1,106417
"SLB-159390",0.41,106418
"SLB-159390",0.48,106419
"SLB-159390",0.45,105699
"SLB-159390",0.28,105700
"SLB-159390",0.12,104974
"Kew-308804",1,104974
"SLB-159390",0.08,104253
"Kew-308804",0.74,104253
"SLB-159390",0.12,104254
"Kew-308804",1,104254
"SLB-159390",0.21,104975
"Kew-308804",1,104975
"SLB-159390",0.32,104979
"SLB-159390",0.32,104980
"SLB-159390",0.32,104260
"Kew-308804",1,103532
"SLB-159390",0.02,102812
"Kew-308804",1,102812
"Kew-308804",1,103533
"Kew-308804",1,103534
"Kew-308804",0.99,103538
"Kew-308804",0.96,102818
"SLB-159390",0.01,103539
"Kew-308804",1,103539
"SLB-159390",0.01,103540
"Kew-308804",1,103540
"Kew-308804",0.84,102092
"Kew-308804",0.84,101372
"Kew-308804",0.83,101373
"Kew-308804",0.77,102098
"Kew-308804",0.91,101378
"Kew-308804",0.76,101379
"Kew-308804",0.9,101380
"Kew-293259",0.51,115069
"Kew-293259",0.52,115070
"Kew-293259",0.67,114349
"Kew-293259",0.51,114350
"Kew-293259",0.48,113629
"Kew-293259",0.44,113630
"Kew-293259",0.35,112910
"Kew-293259",0.36,114352
"Kew-293259",0.59,114353
"Kew-293259",0.59,114354
"Kew-293259",0.62,114355
"SLB-159390",0.75,115078
"Kew-293259",1,115078
"Kew-308090",0.37,115078
"SLB-159390",0.46,114358
"Kew-293259",0.91,114358
"Kew-308090",0.08,114358
"Kew-293259",0.54,115079
"SLB-159390",1,115080
"Kew-308804",1,115080
"Kew-293259",1,115080
"Kew-308090",1,115080
"Kew-293259",0.67,114359
"Kew-293259",0.48,113633
"Kew-293259",0.5,113634
"Kew-293259",0.4,112913
"Kew-293259",0.45,112914
"Kew-293259",0.48,113635
"Kew-293259",0.42,112915
"SLB-159390",0.58,113639
"Kew-293259",0.96,113639
"Kew-308090",0.2,113639
"Kew-293259",0.06,113640
"SLB-159390",0.9,112919
"Kew-293259",1,112919
"Kew-308090",0.51,112919
"Kew-293259",0.2,112920
"Kew-293259",0.56,112200
"SLB-159390",0.8,111480
"Kew-293259",1,111480
"Kew-308090",0.41,111480
"Kew-293259",0.18,107149
"SLB-159390",0.09,106424
"SLB-159390",0.24,105704
"SLB-159390",0.26,104981
"SLB-159390",0.42,104261
"SLB-159390",0.09,103541
"Kew-308804",1,103541
"SLB-159390",0.09,103542
"SLB-159390",0.09,102821
"Kew-308804",1,102821
"SLB-159390",0.09,102822
"Kew-308804",1,102822
"SLB-159390",0.16,102823
"Kew-308804",0.92,102102
"Kew-308804",0.92,101381
"Kew-308804",0.92,101382
"Kew-308804",0.94,101383
"Kew-293259",0.6,107876
"Kew-293259",0.69,107880
"SLB-159390",0.49,107160
"Kew-293259",0.92,107160
"Kew-308090",0.11,107160
"SLB-159390",0.81,106440
"Kew-293259",1,106440
"Kew-308090",0.37,106440
"SLB-159390",1,115081
"Kew-293259",1,115081
"Kew-308090",0.96,115081
"Kew-293259",0.01,114362
"SLB-159390",0.99,115084
"Kew-293259",1,115084
"Kew-308090",0.6,115084
"SLB-159390",0.21,114363
"Kew-293259",0.8,114363
"SLB-159390",1,114364
"Kew-308804",1,114364
"Kew-293259",1,114364
"Kew-308090",0.91,114364
"SLB-159390",1,115085
"Kew-308804",1,115085
"Kew-293259",1,115085
"Kew-308090",1,115085
"SLB-159390",0.85,115086
"Kew-308804",1,115086
"Kew-293259",0.91,115086
"SLB-159390",1,114365
"Kew-308804",1,114365
"Kew-293259",1,114365
"Kew-308090",1,114365
"SLB-159390",1,114366
"Kew-308804",1,114366
"Kew-293259",1,114366
"Kew-308090",0.67,114366
"SLB-159390",1,115087
"Kew-308804",1,115087
"Kew-293259",1,115087
"Kew-308090",1,115087
"SLB-159390",1,115088
"Kew-308804",1,115088
"Kew-293259",1,115088
"Kew-308090",1,115088
"SLB-159390",1,114367
"Kew-308804",1,114367
"Kew-293259",1,114367
"Kew-308090",1,114367
"SLB-159390",1,114368
"Kew-308804",1,114368
"Kew-293259",1,114368
"Kew-308090",1,114368
"SLB-159390",1,115089
"Kew-308804",1,115089
"Kew-293259",1,115089
"SLB-159390",1,115090
"Kew-308804",1,115090
"Kew-293259",1,115090
"Kew-308090",1,115090
"SLB-159390",1,114369
"Kew-308804",1,114369
"Kew-293259",1,114369
"Kew-308090",1,114369
"SLB-159390",1,114370
"Kew-308804",1,114370
"Kew-293259",1,114370
"Kew-308090",1,114370
"Kew-293259",0.01,113641
"Kew-293259",0.54,113642
"Kew-293259",0.6,112921
"SLB-159390",1,112922
"SLB-159390",1,113643
"Kew-308804",0.91,113643
"Kew-293259",1,113643
"Kew-308090",0.68,113643
"SLB-159390",1,112923
"Kew-308804",1,112923
"Kew-293259",1,112923
"Kew-308090",1,112923
"SLB-159390",1,112924
"Kew-308804",1,112924
"Kew-293259",1,112924
"Kew-308090",1,112924
"SLB-159390",1,113645
"Kew-308804",1,113645
"Kew-293259",1,113645
"Kew-308090",1,113645
"SLB-159390",1,113646
"Kew-308804",1,113646
"Kew-293259",1,113646
"Kew-308090",0.83,113646
"SLB-159390",1,112925
"Kew-308804",1,112925
"Kew-293259",1,112925
"Kew-308090",1,112925
"SLB-159390",1,112926
"Kew-308804",1,112926
"Kew-293259",1,112926
"Kew-308090",0.16,112926
"SLB-159390",0.47,113647
"Kew-293259",0.91,113647
"Kew-308090",0.09,113647
"SLB-159390",1,113648
"Kew-308804",1,113648
"Kew-293259",1,113648
"Kew-308090",0.58,113648
"SLB-159390",1,112927
"Kew-308804",1,112927
"Kew-293259",1,112927
"SLB-159390",1,112928
"Kew-308804",1,112928
"Kew-293259",1,112928
"SLB-159390",1,113649
"Kew-308804",1,113649
"Kew-293259",1,113649
"Kew-308090",1,113649
"SLB-159390",1,113650
"Kew-308804",1,113650
"Kew-293259",1,113650
"Kew-308090",0.73,113650
"SLB-159390",1,112929
"Kew-308804",1,112929
"Kew-293259",1,112929
"Kew-308090",1,112929
"SLB-159390",0.55,112930
"Kew-293259",0.95,112930
"Kew-308090",0.17,112930
"SLB-159390",0.57,112201
"Kew-293259",0.95,112201
"Kew-308090",0.19,112201
"SLB-159390",1,111481
"Kew-293259",1,111481
"Kew-308090",1,111481
"SLB-159390",1,111482
"Kew-308804",1,111482
"Kew-293259",1,111482
"Kew-308090",1,111482
"SLB-159390",1,112203
"Kew-308804",1,112203
"Kew-293259",1,112203
"Kew-308090",1,112203
"SLB-159390",1,112204
"Kew-308804",1,112204
"Kew-293259",1,112204
"Kew-308090",1,112204
"SLB-159390",0.2,111483
"Kew-308804",1,111483
"Kew-293259",1,111483
"Kew-308090",0.82,111483
"SLB-159390",1,111484
"Kew-308804",1,111484
"Kew-293259",1,111484
"Kew-308090",1,111484
"SLB-159390",1,112205
"Kew-308804",1,112205
"Kew-293259",1,112205
"Kew-308090",1,112205
"SLB-159390",1,112206
"Kew-308804",1,112206
"Kew-293259",1,112206
"Kew-308090",1,112206
"SLB-159390",1,111485
"Kew-308804",1,111485
"Kew-293259",1,111485
"Kew-308090",1,111485
"SLB-159390",1,111486
"Kew-308804",1,111486
"Kew-293259",1,111486
"Kew-308090",1,111486
"SLB-159390",1,112207
"Kew-308804",1,112207
"Kew-293259",1,112207
"Kew-308090",0.39,112207
"SLB-159390",1,112208
"Kew-308804",1,112208
"Kew-293259",1,112208
"Kew-308090",0.34,112208
"SLB-159390",1,111487
"Kew-308804",1,111487
"Kew-293259",1,111487
"Kew-308090",1,111487
"SLB-159390",1,111488
"Kew-308804",1,111488
"Kew-293259",1,111488
"Kew-308090",0.34,111488
"SLB-159390",1,112209
"Kew-308804",1,112209
"Kew-293259",1,112209
"Kew-308090",1,112209
"SLB-159390",0.69,112210
"Kew-293259",0.64,112210
"Kew-308090",0.26,112210
"SLB-159390",1,111489
"Kew-308804",1,111489
"Kew-293259",0.64,111489
"Kew-308090",0.6,111489
"SLB-159390",0.03,111490
"Kew-293259",0.47,111490
"SLB-159390",0.83,110761
"Kew-293259",1,110761
"Kew-308090",0.44,110761
"SLB-159390",0.9,110762
"Kew-293259",1,110762
"Kew-308090",0.51,110762
"SLB-159390",1,110041
"Kew-308804",1,110041
"Kew-293259",1,110041
"Kew-308090",1,110041
"SLB-159390",1,110042
"Kew-308804",1,110042
"Kew-293259",1,110042
"Kew-308090",0.83,110042
"SLB-159390",0.84,110763
"Kew-293259",1,110763
"Kew-308090",0.46,110763
"SLB-159390",1,110764
"Kew-308804",1,110764
"Kew-293259",1,110764
"Kew-308090",1,110764
"SLB-159390",1,110043
"Kew-308804",0.36,110043
"Kew-293259",1,110043
"Kew-308090",0.64,110043
"SLB-159390",1,110044
"Kew-308804",1,110044
"Kew-293259",1,110044
"Kew-308090",1,110044
"SLB-159390",1,110765
"Kew-308804",1,110765
"Kew-293259",1,110765
"Kew-308090",1,110765
"SLB-159390",1,110766
"Kew-308804",1,110766
"Kew-293259",1,110766
"Kew-308090",1,110766
"SLB-159390",0.77,110045
"Kew-293259",1,110045
"Kew-308090",0.38,110045
"SLB-159390",1,110046
"Kew-308804",0.36,110046
"Kew-293259",0.63,110046
"Kew-308090",0.54,110046
"SLB-159390",1,110767
"Kew-308804",1,110767
"Kew-293259",1,110767
"Kew-308090",1,110767
"SLB-159390",1,110768
"Kew-308804",1,110768
"Kew-293259",0.63,110768
"Kew-308090",0.85,110768
"SLB-159390",0.86,110047
"Kew-293259",0.63,110047
"Kew-308090",0.4,110047
"Kew-293259",0.18,110048
"Kew-293259",0.39,110769
"Kew-293259",0.2,110049
"Kew-293259",0.08,110050
"SLB-159390",1,109321
"Kew-308804",1,109321
"Kew-293259",1,109321
"Kew-308090",0.83,109321
"SLB-159390",1,109322
"Kew-308804",1,109322
"Kew-293259",1,109322
"Kew-293259",0.56,108601
"SLB-159390",1,108602
"Kew-308804",1,108602
"Kew-293259",1,108602
"SLB-159390",1,109324
"Kew-308804",1,109324
"Kew-293259",0.77,109324
"Kew-308090",0.73,109324
"SLB-159390",0.33,108603
"Kew-293259",1,108603
"Kew-308090",0.45,108603
"SLB-159390",0.42,108604
"Kew-293259",0.69,108604
"Kew-308090",0.04,108604
"Kew-293259",0.18,109325
"Kew-293259",0.31,109326
"SLB-159390",0.36,108605
"Kew-293259",0.67,108605
"SLB-159390",0.53,108606
"Kew-293259",0.72,108606
"Kew-308090",0.15,108606
"Kew-293259",0.07,109328
"Kew-293259",0.16,109329
"SLB-159390",0.22,115091
"Kew-293259",0.57,115091
"Kew-293259",0.19,115092
"Kew-293259",0.31,114371
"Kew-293259",0.1,114372
"Kew-293259",0.14,115093
"Kew-293259",0.11,114373
"SLB-159390",0.15,113651
"Kew-293259",0.46,113651
"Kew-293259",0.11,113652
"Kew-293259",0.31,112931
"Kew-293259",0.11,112932
"Kew-293259",0.36,112211
"Kew-293259",0.12,112212
"Kew-293259",0.21,111491
"Kew-293259",0.38,107881
"SLB-159390",0.75,107883
"Kew-293259",0.77,107883
"Kew-308090",0.36,107883
"SLB-159390",0.57,107884
"Kew-293259",0.74,107884
"Kew-308090",0.19,107884
"SLB-159390",0.57,107164
"Kew-293259",0.74,107164
"Kew-308090",0.19,107164
"SLB-159390",0.25,107885
"Kew-293259",0.63,107885
"SLB-159390",1,106441
"Kew-308804",1,106441
"Kew-293259",1,106441
"Kew-308090",0.8,106441
"SLB-159390",1,105721
"Kew-308804",1,105721
"Kew-293259",1,105721
"Kew-308090",0.73,105721
"SLB-159390",0.49,106444
"Kew-293259",0.71,106444
"Kew-308090",0.11,106444
"Kew-293259",0.43,106445
"Kew-293259",0.36,105725
"Kew-293259",0.21,105726
"SLB-159390",0.72,105001
"Kew-293259",0.68,105001
"Kew-308090",0.14,105001
"SLB-159390",0.38,104281
"Kew-293259",0.59,104281
"Kew-293259",0.37,105005
"Kew-293259",0.34,105006
"Kew-293259",0.36,104285
"SLB-159390",0.99,103562
"Kew-308804",1,103562
"Kew-293259",0.24,103562
"SLB-159390",0.64,102842
"Kew-293259",0.24,102842
"SLB-159390",1,103564
"Kew-308804",0.55,103564
"Kew-293259",0.26,103564
"Kew-308090",0.01,103564
"SLB-159390",0.86,102843
"Kew-293259",0.26,102843
"Kew-308090",0.01,102843
"SLB-159390",1,102844
"Kew-308804",0.18,102844
"Kew-293259",0.26,102844
"Kew-308090",0.01,102844
"SLB-159390",0.16,103565
"Kew-293259",0.27,103565
"SLB-159390",0.41,102845
"Kew-293259",0.31,102845
"Kew-308090",0.01,102845
"SLB-159390",0.44,102123
"SLB-159390",0.24,102124
"Kew-293259",0.11,115120
"Kew-293259",0.05,110810
"Kew-293259",0.03,110090
"Kew-293259",0.01,109371
"Kew-293259",0.01,108652
"Kew-293259",0.02,107932
"Kew-293259",0.02,106492
"Kew-293259",0.02,104332
"Kew-293259",0.01,103612
"Kew-293259",0.01,102892
"Kew-293259",0.2,113725
"Kew-293259",0.26,113005
"Kew-293259",0.09,115172
"Kew-293259",0.1,115173
"Kew-293259",0.1,115179
"Kew-293259",0.1,115180
"Kew-293259",0.24,113011
"Kew-293259",0.12,113012
"Kew-293259",0.08,113733
"Kew-293259",0.24,113734
"Kew-293259",0.14,113735
"Kew-293259",0.05,113736
"Kew-293259",0.16,113740
"Kew-293259",0.02,112298
"Kew-293259",0.09,115181
"Kew-293259",0.02,112301
"Kew-308804",0.44,100653
"Kew-308804",0.62,100654
"Kew-308804",0.7,99934
"Kew-308804",0.79,100656
"Kew-308804",0.79,99935
"Kew-308804",0.79,99936
"Kew-308804",0.14,100660
"Kew-308804",0.8,99939
"Kew-308804",0.8,99940
"Kew-308804",0.77,99214
"Kew-308804",0.73,99215
"Kew-308804",0.73,99216
"Kew-308804",0.73,98496
"Kew-308804",0.76,99217
"Kew-308804",0.76,98497
"Kew-308804",0.76,98498
"Kew-308804",0.74,99219
"Kew-308804",0.74,99220
"Kew-308804",0.74,98499
"Kew-308804",0.74,98500
"Kew-308804",0.52,100661
"Kew-308804",0.51,100662
"Kew-308804",0.81,99941
"Kew-308804",0.81,99942
"Kew-308804",0.83,100663
"Kew-308804",0.74,99221
"Kew-308804",0.74,99222
"Kew-308804",0.76,99223
"Kew-308804",0.76,98503
"Kew-308804",0.76,98504
"Kew-308804",0.77,99225
"Kew-308804",0.77,98505
"Kew-308804",0.62,98506
"Kew-308804",0.13,98507
"Kew-308804",0.62,98508
"Kew-308804",0.74,98509
"Kew-308804",0.51,97787
"Kew-308804",0.46,97067
"Kew-308804",0.59,97068
"Kew-308804",0.54,97789
"Kew-308804",0.51,97790
"Kew-308804",0.65,97069
"Kew-308804",0.65,97070
"Kew-308804",0.6,96347
"Kew-308804",0.64,96348
"Kew-308804",0.95,99954
"Kew-308804",0.67,97071
"Kew-308804",0.67,97072
"Kew-308804",0.73,97073
"Kew-308804",0.73,97074
"Kew-308804",0.57,96354
"Kew-308804",0.64,95634
"Kew-308804",0.64,96355
"Kew-308804",0.64,96356
"Kew-308804",0.64,95635
"Kew-308804",0.49,95636
"Kew-308804",0.63,96359
"Kew-308804",0.63,96360
"Kew-308804",0.63,95640
"Kew-308804",0.44,94916
"Kew-308804",0.23,94917
"Kew-308804",0.28,94918
"Kew-308804",0.21,94197
"Kew-308804",0.28,94198
"Kew-308804",0.15,94199
"Kew-308804",0.1,93478
"SLB-159390",0.18,98522
"Kew-308804",0.97,97801
"Kew-308804",0.97,97802
"Kew-308804",0.97,97081
"Kew-308804",0.97,97082
"SLB-159390",0.11,97083
"Kew-308804",0.79,96361
"Kew-308804",0.79,95641
"Kew-308804",0.91,96363
"Kew-308804",0.91,95644
"Kew-308804",0.54,94921
"Kew-308804",0.54,94922
"Kew-308804",0.54,94202
"Kew-308804",0.72,94924
"Kew-308804",0.72,94204
"Kew-308804",0.3,93481
"Kew-308804",0.14,92761
"Kew-308804",0.49,93483
"Kew-308804",0.49,93484
"Kew-308804",0.63,93485
"Kew-308804",0.03,92041
"Kew-308804",0.11,92042
"Kew-308804",0.04,91322
"Kew-308804",0.02,90601
"Kew-308804",0.02,89882
"Kew-308804",0.03,84860
"Kew-308804",0.37,84140
"Kew-308804",0.42,84141
"Kew-308804",0.42,84144
"Kew-308804",0.19,82701
"Kew-308804",0.22,83424
"Kew-308804",0.23,82705
"Kew-308804",0.25,82707
"Kew-308804",0.03,81988
"Kew-308804",0.06,81989
"Kew-308804",0.05,81269
"Kew-308804",0.06,81270
"Kew-308804",0.08,81271
"Kew-308804",0.08,81272
"Kew-308804",0.12,81273
"Kew-308804",0.03,79835
"Kew-308804",0.03,79836
"Kew-308804",0.01,79837
"Kew-308804",0.01,79838
"Kew-293259",0.98,130156
"Kew-293259",0.98,130157
"Kew-293259",0.98,130158
"Kew-293259",0.98,130877
"Kew-293259",0.98,130878
"Kew-293259",0.98,130159
"Kew-293259",0.63,130160
"Kew-293259",0.99,131598
"Kew-293259",0.99,132318
"Kew-293259",0.98,131599
"Kew-293259",0.98,132319
"Kew-293259",0.98,132320
"Kew-293259",1,133040
"Kew-293259",1,133760
"Kew-293259",0.6,130161
"Kew-293259",0.7,130881
"SLB-159390",0.02,130167
"Kew-308804",0.12,130167
"SLB-159390",0.02,130168
"Kew-308804",0.02,130168
"SLB-159390",0.19,130887
"Kew-308804",0.12,130887
"SLB-159390",0.09,130169
"Kew-308804",0.12,130169
"SLB-159390",0.39,130170
"Kew-308804",0.45,130170
"SLB-159390",0.19,130890
"Kew-308804",0.23,130890
"Kew-293259",0.96,131601
"Kew-293259",0.96,131602
"Kew-293259",0.87,132322
"SLB-159390",0.46,131609
"Kew-308804",0.44,131609
"SLB-159390",0.22,131610
"Kew-308804",0.25,131610
"SLB-159390",0.46,132329
"Kew-308804",0.44,132329
"SLB-159390",0.45,132330
"Kew-308804",0.44,132330
"Kew-293259",0.98,133041
"Kew-293259",0.98,133042
"Kew-293259",0.98,133761
"Kew-293259",0.98,133762
"Kew-293259",0.52,133043
"Kew-293259",0.95,133763
"SLB-159390",0.48,133050
"Kew-308804",0.45,133050
"SLB-159390",0.05,133770
"Kew-308804",0.45,133770
"Kew-293259",1,134481
"Kew-293259",1,134482
"Kew-293259",1,135202
"Kew-293259",0.91,134483
"Kew-293259",1,134484
"Kew-293259",1,135203
"Kew-293259",0.65,135204
"Kew-293259",0.29,134485
"Kew-293259",0.88,135205
"Kew-293259",1,135923
"Kew-293259",1,135925
"Kew-293259",1,135926
"Kew-293259",1,136646
"Kew-293259",0.5,135927
"Kew-293259",1,136647
"Kew-293259",1,136648
"SLB-159390",0.92,130171
"Kew-308804",0.94,130171
"Kew-293259",0.67,130171
"SLB-159390",0.92,130891
"Kew-293259",0.67,130891
"SLB-159390",0.92,130892
"Kew-308804",0.94,130892
"Kew-293259",0.67,130892
"SLB-159390",0.29,130893
"SLB-159390",0.57,130894
"SLB-159390",0.44,130177
"SLB-159390",0.55,130897
"SLB-159390",0.35,130179
"Kew-308804",0.43,130179
"Kew-293259",0.34,130179
"SLB-159390",0.18,130899
"Kew-308804",0.24,130899
"Kew-293259",0.14,130899
"SLB-159390",0.36,130900
"Kew-308804",0.45,130900
"Kew-293259",0.33,130900
"SLB-159390",0.91,131611
"Kew-308804",0.94,131611
"Kew-293259",0.67,131611
"SLB-159390",0.91,131612
"Kew-308804",0.94,131612
"Kew-293259",0.67,131612
"SLB-159390",0.47,132331
"Kew-308804",0.44,132331
"SLB-159390",0.99,132332
"Kew-308804",1,132332
"Kew-293259",1,132332
"SLB-159390",0.96,131613
"Kew-293259",1,131613
"Kew-308090",0.44,131613
"SLB-159390",0.14,131614
"SLB-159390",0.99,132333
"Kew-308804",1,132333
"Kew-293259",1,132333
"Kew-308090",0.76,132333
"SLB-159390",0.49,132334
"Kew-293259",0.92,132334
"Kew-308090",0.09,132334
"SLB-159390",0.57,131615
"SLB-159390",1,132335
"SLB-159390",0.57,132336
"SLB-159390",0.71,131617
"SLB-159390",0.58,131618
"Kew-308804",0.69,131618
"Kew-293259",0.6,131618
"SLB-159390",1,132338
"Kew-308804",1,132338
"Kew-293259",1,132338
"SLB-159390",0.11,132339
"Kew-308804",0.16,132339
"Kew-293259",0.06,132339
"SLB-159390",0.48,133051
"Kew-308804",0.45,133051
"SLB-159390",0.68,133052
"Kew-308804",0.82,133052
"Kew-293259",0.73,133052
"SLB-159390",0.64,133772
"Kew-308804",0.78,133772
"Kew-293259",0.36,133772
"SLB-159390",0.98,133053
"Kew-308804",1,133053
"Kew-293259",1,133053
"Kew-308090",0.68,133053
"SLB-159390",0.98,133054
"Kew-308804",1,133054
"Kew-293259",1,133054
"Kew-308090",0.76,133054
"SLB-159390",0.98,133773
"Kew-308804",1,133773
"Kew-293259",1,133773
"SLB-159390",0.98,133774
"Kew-308804",1,133774
"Kew-293259",1,133774
"Kew-308090",0.19,133774
"SLB-159390",0.99,133055
"Kew-293259",1,133055
"Kew-308090",0.55,133055
"SLB-159390",0.99,133056
"Kew-293259",1,133056
"Kew-308090",0.68,133056
"SLB-159390",0.99,133775
"Kew-308804",1,133775
"Kew-293259",1,133775
"Kew-308090",0.12,133775
"SLB-159390",0.99,133776
"Kew-308804",1,133776
"Kew-293259",1,133776
"Kew-308090",0.24,133776
"SLB-159390",1,133057
"Kew-293259",1,133057
"Kew-308090",0.61,133057
"SLB-159390",1,133058
"Kew-308804",1,133058
"Kew-293259",1,133058
"SLB-159390",1,133777
"Kew-308804",1,133777
"Kew-293259",1,133777
"Kew-308090",0.14,133777
"SLB-159390",1,133778
"Kew-308804",1,133778
"Kew-293259",1,133778
"SLB-159390",0.48,133059
"SLB-159390",0.83,133779
"SLB-159390",0.84,134492
"Kew-308804",0.87,134492
"Kew-293259",0.45,134492
"SLB-159390",0.84,135212
"Kew-308804",0.87,135212
"Kew-293259",0.45,135212
"SLB-159390",0.72,134493
"Kew-308804",0.87,134493
"Kew-293259",0.78,134493
"SLB-159390",0.97,134494
"Kew-308804",1,134494
"Kew-293259",1,134494
"Kew-308090",0.19,134494
"SLB-159390",0.94,135213
"Kew-293259",1,135213
"SLB-159390",0.97,135214
"Kew-293259",1,135214
"Kew-308090",0.19,135214
"SLB-159390",0.98,134495
"Kew-308804",1,134495
"Kew-293259",1,134495
"Kew-308090",0.19,134495
"SLB-159390",0.98,134496
"Kew-308804",1,134496
"Kew-293259",1,134496
"Kew-308090",0.5,134496
"SLB-159390",0.98,135215
"Kew-293259",1,135215
"Kew-308090",0.19,135215
"SLB-159390",0.98,135216
"Kew-293259",0.33,135216
"Kew-308090",0.1,135216
"SLB-159390",1,134497
"Kew-308804",1,134497
"Kew-293259",1,134497
"Kew-308090",0.85,134497
"SLB-159390",1,134498
"Kew-308804",1,134498
"Kew-293259",1,134498
"SLB-159390",1,135217
"Kew-293259",0.67,135217
"Kew-308090",0.57,135217
"SLB-159390",1,135218
"SLB-159390",1,134499
"SLB-159390",0.31,134500
"SLB-159390",0.27,135220
"SLB-159390",0.85,135932
"Kew-308804",0.87,135932
"Kew-293259",0.45,135932
"SLB-159390",0.9,136652
"Kew-308804",0.92,136652
"Kew-293259",0.62,136652
"SLB-159390",0.8,135933
"Kew-293259",0.61,135933
"SLB-159390",0.88,135934
"Kew-293259",0.62,135934
"SLB-159390",0.88,136653
"Kew-308804",0.91,136653
"Kew-293259",0.62,136653
"SLB-159390",0.88,136654
"Kew-293259",0.62,136654
"SLB-159390",0.97,135935
"Kew-293259",1,135935
"SLB-159390",0.97,135936
"SLB-159390",0.97,136655
"Kew-293259",1,136655
"Kew-308090",0.01,136655
"SLB-159390",0.97,136656
"SLB-159390",0.28,135937
"SLB-159390",0.98,136657
"SLB-159390",0.98,136658
"SLB-159390",0.52,135940
"SLB-159390",0.57,136659
"SLB-159390",0.28,136660
"Kew-293259",1,137365
"Kew-293259",0.86,138085
"Kew-293259",1,137368
"Kew-293259",1,137369
"SLB-159390",1,137370
"Kew-308804",1,137370
"Kew-293259",1,137370
"Kew-308090",1,137370
"Kew-293259",1,138089
"SLB-159390",1,138090
"Kew-308804",1,138090
"Kew-293259",1,138090
"Kew-308090",0.38,138090
"SLB-159390",0.72,137371
"Kew-308804",0.91,137371
"Kew-293259",0.57,137371
"SLB-159390",0.89,137372
"Kew-308804",0.91,137372
"Kew-293259",0.57,137372
"SLB-159390",1,138091
"Kew-308804",1,138091
"Kew-293259",1,138091
"Kew-308090",1,138091
"SLB-159390",0.89,138092
"Kew-308804",0.91,138092
"Kew-293259",0.57,138092
"SLB-159390",0.87,137373
"Kew-308804",0.91,137373
"Kew-293259",0.57,137373
"SLB-159390",0.87,137374
"Kew-308804",0.91,137374
"Kew-293259",0.57,137374
"SLB-159390",0.87,138093
"Kew-308804",0.91,138093
"Kew-293259",0.57,138093
"SLB-159390",0.44,138094
"Kew-308804",0.55,138094
"Kew-293259",0.29,138094
"SLB-159390",0.96,137375
"Kew-293259",0.9,137375
"SLB-159390",0.96,137376
"SLB-159390",0.96,138095
"Kew-308804",1,138095
"Kew-293259",0.9,138095
"SLB-159390",0.96,138096
"Kew-293259",0.9,138096
"SLB-159390",1,137377
"Kew-293259",1,137377
"Kew-308090",0.28,137377
"SLB-159390",1,137378
"Kew-293259",1,137378
"Kew-308090",0.28,137378
"SLB-159390",1,138097
"Kew-293259",1,138097
"Kew-308090",0.26,138097
"SLB-159390",1,138098
"Kew-293259",1,138098
"Kew-308090",0.28,138098
"SLB-159390",1,137379
"Kew-293259",1,137379
"Kew-308090",0.55,137379
"SLB-159390",1,137380
"Kew-293259",0.67,137380
"Kew-308090",0.36,137380
"SLB-159390",1,138099
"Kew-293259",1,138099
"Kew-308090",0.55,138099
"SLB-159390",1,138100
"Kew-293259",1,138100
"Kew-308090",0.55,138100
"SLB-159390",1,138811
"Kew-308804",1,138811
"Kew-293259",1,138811
"Kew-308090",0.26,138811
"SLB-159390",0.89,138812
"Kew-308804",0.91,138812
"Kew-293259",0.57,138812
"Kew-293259",1,139531
"Kew-293259",1,139532
"SLB-159390",0.89,138814
"Kew-308804",0.91,138814
"Kew-293259",0.57,138814
"Kew-293259",1,139533
"Kew-293259",0.57,139534
"SLB-159390",0.98,138815
"Kew-308804",1,138815
"Kew-293259",0.9,138815
"SLB-159390",0.98,138816
"Kew-308804",1,138816
"Kew-293259",0.9,138816
"SLB-159390",1,138817
"Kew-308804",1,138817
"Kew-293259",1,138817
"SLB-159390",1,138818
"Kew-308804",1,138818
"Kew-293259",1,138818
"Kew-308090",0.25,138818
"SLB-159390",1,139538
"Kew-308804",1,139538
"Kew-293259",1,139538
"Kew-308090",0.17,139538
"SLB-159390",1,138819
"Kew-293259",1,138819
"Kew-308090",0.55,138819
"SLB-159390",1,138820
"Kew-293259",1,138820
"Kew-308090",0.55,138820
"SLB-159390",1,139539
"Kew-308804",1,139539
"Kew-293259",1,139539
"Kew-308090",0.55,139539
"SLB-159390",1,139540
"Kew-308804",1,139540
"Kew-293259",1,139540
"Kew-308090",0.55,139540
"Kew-293259",1,140253
"Kew-293259",1,140254
"Kew-293259",1,140255
"Kew-293259",1,140976
"Kew-293259",1,140977
"Kew-293259",1,140978
"Kew-293259",1,140979
"Kew-293259",1,140980
"Kew-293259",0.94,141698
"SLB-159390",0.63,131621
"Kew-308804",0.76,131621
"Kew-293259",0.62,131621
"SLB-159390",0.77,132341
"Kew-308804",0.91,132341
"Kew-293259",0.76,132341
"SLB-159390",0.59,133061
"Kew-308804",0.71,133061
"Kew-293259",0.61,133061
"SLB-159390",0.13,133781
"Kew-308804",0.18,133781
"Kew-293259",0.08,133781
"SLB-159390",0.31,133782
"Kew-308804",0.39,133782
"Kew-293259",0.29,133782
"SLB-159390",0.21,133783
"Kew-308804",0.27,133783
"Kew-293259",0.18,133783
"SLB-159390",0.41,133784
"Kew-308804",0.5,133784
"Kew-293259",0.4,133784
"SLB-159390",0.06,133787
"Kew-308804",0.36,133787
"Kew-293259",0.23,133787
"SLB-159390",0.05,135221
"SLB-159390",0.36,134503
"Kew-308804",0.45,134503
"Kew-293259",0.35,134503
"SLB-159390",1,134504
"Kew-308804",1,134504
"Kew-293259",1,134504
"SLB-159390",0.02,135223
"SLB-159390",0.19,135224
"Kew-308804",0.25,135224
"Kew-293259",0.15,135224
"SLB-159390",0.6,134505
"Kew-308804",0.72,134505
"Kew-293259",0.63,134505
"SLB-159390",0.67,134506
"Kew-308804",0.8,134506
"Kew-293259",0.71,134506
"SLB-159390",0.14,134508
"Kew-308804",0.2,134508
"Kew-293259",0.09,134508
"SLB-159390",0.08,134509
"Kew-308804",0.13,134509
"Kew-293259",0.03,134509
"SLB-159390",0.04,134510
"Kew-308804",0.45,134510
"Kew-293259",0.11,134510
"SLB-159390",0.73,135229
"Kew-293259",0.48,135229
"SLB-159390",0.83,135230
"Kew-308804",0.9,135230
"Kew-293259",0.55,135230
"SLB-159390",0.38,135941
"SLB-159390",0.1,135942
"SLB-159390",0.14,135945
"SLB-159390",0.33,135946
"SLB-159390",0.02,135947
"SLB-159390",0.89,135949
"Kew-293259",0.55,135949
"SLB-159390",0.89,135950
"Kew-308804",0.9,135950
"Kew-293259",0.55,135950
"SLB-159390",0.76,136669
"Kew-293259",0.1,136670
"SLB-159390",1,130195
"Kew-308804",1,130195
"Kew-293259",1,130195
"SLB-159390",0.61,130915
"Kew-308804",0.74,130915
"Kew-293259",0.64,130915
"SLB-159390",0.95,130200
"Kew-308804",0.97,130200
"Kew-293259",1,130200
"Kew-308090",1,130200
"SLB-159390",0.95,130920
"Kew-308804",0.97,130920
"Kew-293259",1,130920
"Kew-308090",1,130920
"SLB-159390",1,131634
"Kew-308804",1,131634
"Kew-293259",1,131634
"SLB-159390",0.4,132353
"Kew-308804",1,132353
"Kew-293259",1,132353
"SLB-159390",0.5,132354
"Kew-293259",0.92,132354
"Kew-308090",0.12,132354
"SLB-159390",0.99,131635
"Kew-308804",1,131635
"Kew-293259",1,131635
"SLB-159390",0.99,131636
"Kew-293259",0.67,131636
"Kew-308090",0.36,131636
"SLB-159390",0.99,132355
"Kew-293259",1,132355
"Kew-308090",0.09,132355
"SLB-159390",0.94,131639
"Kew-308804",0.96,131639
"Kew-293259",1,131639
"SLB-159390",0.94,132359
"Kew-308804",0.96,132359
"Kew-293259",1,132359
"SLB-159390",0.4,133073
"Kew-308804",1,133073
"Kew-293259",1,133073
"SLB-159390",0.26,133074
"Kew-293259",0.82,133074
"SLB-159390",1,133793
"Kew-308804",1,133793
"Kew-293259",1,133793
"Kew-308090",0.07,133793
"Kew-293259",0.51,133794
"SLB-159390",0.99,133075
"Kew-308804",1,133075
"Kew-293259",1,133075
"Kew-308090",0.61,133075
"SLB-159390",0.99,133076
"Kew-308804",1,133076
"Kew-293259",1,133076
"Kew-308090",0.59,133076
"Kew-293259",0.46,133795
"Kew-293259",0.61,133796
"SLB-159390",0.96,133797
"Kew-293259",1,133797
"Kew-308090",1,133797
"SLB-159390",0.96,133798
"Kew-308804",0.98,133798
"Kew-293259",1,133798
"Kew-308090",1,133798
"SLB-159390",0.94,133079
"Kew-308804",0.96,133079
"Kew-293259",1,133079
"SLB-159390",0.28,133799
"Kew-308804",0.96,133799
"Kew-293259",1,133799
"Kew-308090",1,133799
"SLB-159390",0.7,135231
"Kew-308804",0.84,135231
"Kew-293259",0.45,135231
"SLB-159390",0.88,135232
"Kew-308804",0.89,135232
"Kew-293259",0.54,135232
"SLB-159390",1,134513
"Kew-308804",1,134513
"Kew-293259",1,134513
"Kew-308090",0.37,134513
"SLB-159390",0.19,134514
"Kew-293259",0.79,134514
"SLB-159390",0.98,135233
"Kew-308804",1,135233
"Kew-293259",0.88,135233
"SLB-159390",0.23,135234
"Kew-293259",0.81,135234
"SLB-159390",0.44,134515
"Kew-293259",0.9,134515
"Kew-308090",0.03,134515
"SLB-159390",0.64,134516
"Kew-293259",0.99,134516
"Kew-308090",0.11,134516
"SLB-159390",0.99,135235
"Kew-293259",1,135235
"Kew-308090",0.14,135235
"SLB-159390",0.99,135236
"Kew-293259",1,135236
"Kew-308090",0.39,135236
"SLB-159390",0.97,134518
"Kew-308804",0.99,134518
"Kew-293259",1,134518
"Kew-308090",1,134518
"SLB-159390",0.97,135238
"Kew-308804",0.99,135238
"Kew-293259",1,135238
"Kew-308090",0.97,135238
"SLB-159390",0.96,134519
"Kew-308804",0.98,134519
"Kew-293259",1,134519
"Kew-308090",1,134519
"SLB-159390",0.96,135239
"Kew-308804",0.98,135239
"Kew-293259",1,135239
"Kew-308090",0.69,135239
"SLB-159390",0.96,135240
"Kew-308804",0.98,135240
"Kew-293259",1,135240
"Kew-308090",0.97,135240
"SLB-159390",0.75,135951
"Kew-293259",0.49,135951
"SLB-159390",0.88,135952
"Kew-308804",0.89,135952
"Kew-293259",0.54,135952
"SLB-159390",0.88,136672
"Kew-308804",0.89,136672
"Kew-293259",0.54,136672
"SLB-159390",0.98,135953
"Kew-308804",1,135953
"Kew-293259",0.88,135953
"SLB-159390",0.62,135954
"Kew-293259",0.86,135954
"SLB-159390",0.15,136673
"Kew-293259",0.68,136673
"SLB-159390",0.98,136674
"Kew-293259",0.88,136674
"SLB-159390",1,136675
"Kew-308804",1,136675
"Kew-293259",1,136675
"Kew-308090",0.49,136675
"SLB-159390",1,136676
"Kew-293259",1,136676
"Kew-308090",0.49,136676
"SLB-159390",1,136678
"Kew-293259",1,136678
"Kew-308090",0.97,136678
"SLB-159390",1,135959
"Kew-293259",1,135959
"Kew-308090",0.97,135959
"SLB-159390",1,135960
"Kew-308804",1,135960
"Kew-293259",1,135960
"Kew-308090",0.97,135960
"SLB-159390",1,136679
"Kew-308804",1,136679
"Kew-293259",1,136679
"Kew-308090",0.25,136679
"SLB-159390",1,136680
"Kew-308804",1,136680
"Kew-293259",1,136680
"Kew-308090",0.97,136680
"SLB-159390",1,137381
"Kew-293259",1,137381
"Kew-308090",0.64,137381
"SLB-159390",1,138101
"Kew-308804",1,138101
"Kew-293259",1,138101
"Kew-308090",0.62,138101
"SLB-159390",1,138102
"Kew-308804",1,138102
"Kew-293259",1,138102
"Kew-308090",0.64,138102
"SLB-159390",1,138105
"Kew-293259",1,138105
"Kew-308090",0.55,138105
"SLB-159390",1,138106
"Kew-308804",1,138106
"Kew-293259",1,138106
"Kew-308090",0.55,138106
"SLB-159390",1,137389
"Kew-308804",1,137389
"Kew-293259",1,137389
"Kew-308090",0.16,137389
"Kew-293259",0.47,137390
"SLB-159390",1,138109
"Kew-308804",1,138109
"Kew-293259",1,138109
"Kew-308090",0.16,138109
"SLB-159390",1,138110
"Kew-308804",1,138110
"Kew-293259",1,138110
"Kew-308090",0.15,138110
"SLB-159390",1,138821
"Kew-293259",1,138821
"Kew-308090",0.6,138821
"SLB-159390",1,138822
"Kew-308804",1,138822
"Kew-293259",1,138822
"Kew-308090",0.26,138822
"SLB-159390",1,139541
"Kew-308804",1,139541
"Kew-293259",1,139541
"Kew-308090",0.41,139541
"SLB-159390",1,139542
"Kew-308804",1,139542
"Kew-293259",1,139542
"Kew-308090",0.45,139542
"SLB-159390",1,138823
"Kew-308804",1,138823
"Kew-293259",1,138823
"Kew-308090",0.04,138823
"SLB-159390",1,138824
"Kew-293259",0.67,138824
"Kew-308090",0.41,138824
"SLB-159390",1,139543
"Kew-308804",1,139543
"Kew-293259",1,139543
"Kew-308090",0.55,139543
"SLB-159390",1,139544
"Kew-308804",1,139544
"Kew-293259",1,139544
"Kew-308090",1,139544
"SLB-159390",1,139545
"Kew-308804",1,139545
"Kew-293259",1,139545
"SLB-159390",1,139546
"Kew-308804",1,139546
"Kew-293259",1,139546
"Kew-308090",0.76,139546
"SLB-159390",1,139547
"Kew-308804",1,139547
"Kew-293259",1,139547
"Kew-308090",1,139547
"SLB-159390",1,139548
"Kew-308804",1,139548
"Kew-293259",1,139548
"Kew-308090",0.64,139548
"SLB-159390",1,139549
"Kew-308804",1,139549
"Kew-293259",1,139549
"Kew-308090",0.64,139549
"SLB-159390",1,139550
"Kew-293259",1,139550
"Kew-308090",0.64,139550
"Kew-293259",1,140981
"SLB-159390",1,140266
"Kew-308804",1,140266
"Kew-293259",1,140266
"Kew-308090",0.75,140266
"SLB-159390",1,140986
"Kew-308804",1,140986
"Kew-293259",1,140986
"Kew-308090",1,140986
"SLB-159390",1,140267
"Kew-308804",1,140267
"Kew-293259",1,140267
"Kew-308090",1,140267
"SLB-159390",1,140268
"Kew-308804",1,140268
"Kew-293259",1,140268
"Kew-308090",0.64,140268
"SLB-159390",1,140987
"Kew-308804",1,140987
"Kew-293259",1,140987
"Kew-308090",1,140987
"SLB-159390",1,140988
"Kew-308804",1,140988
"Kew-293259",1,140988
"Kew-308090",0.48,140988
"SLB-159390",1,140269
"Kew-308804",1,140269
"Kew-293259",1,140269
"Kew-308090",0.55,140269
"SLB-159390",1,140270
"Kew-308804",1,140270
"Kew-293259",1,140270
"Kew-308090",0.45,140270
"SLB-159390",1,140989
"Kew-308804",1,140989
"Kew-293259",1,140989
"Kew-308090",0.55,140989
"SLB-159390",1,140990
"Kew-308804",1,140990
"Kew-293259",1,140990
"Kew-308090",1,140990
"Kew-293259",0.6,141701
"Kew-293259",0.6,141702
"Kew-293259",0.54,141703
"Kew-293259",0.54,141704
"Kew-293259",0.68,141705
"Kew-293259",0.68,141706
"Kew-293259",1,141707
"Kew-293259",1,141708
"Kew-293259",1,142428
"Kew-293259",0.98,141709
"Kew-293259",1,141710
"Kew-293259",0.98,142429
"Kew-293259",0.98,142430
"SLB-159390",1,137391
"SLB-159390",0.43,138111
"SLB-159390",1,137394
"Kew-293259",1,137394
"Kew-308090",0.45,137394
"SLB-159390",1,137395
"Kew-308804",1,137395
"Kew-293259",1,137395
"Kew-308090",0.76,137395
"SLB-159390",1,137396
"Kew-308804",1,137396
"Kew-293259",1,137396
"Kew-308090",0.58,137396
"SLB-159390",1,138116
"Kew-293259",1,138116
"Kew-308090",0.76,138116
"SLB-159390",1,137397
"Kew-308804",1,137397
"Kew-293259",1,137397
"Kew-308090",1,137397
"SLB-159390",1,137398
"Kew-308804",1,137398
"Kew-293259",1,137398
"Kew-308090",1,137398
"SLB-159390",1,138117
"Kew-293259",1,138117
"Kew-308090",1,138117
"SLB-159390",1,138118
"Kew-293259",1,138118
"Kew-308090",1,138118
"SLB-159390",1,137399
"Kew-308804",1,137399
"Kew-293259",1,137399
"Kew-308090",0.57,137399
"SLB-159390",1,138119
"Kew-308804",1,138119
"Kew-293259",1,138119
"Kew-308090",1,138119
"SLB-159390",1,138120
"Kew-308804",1,138120
"Kew-293259",1,138120
"Kew-308090",0.97,138120
"SLB-159390",1,138831
"Kew-293259",1,138831
"Kew-308090",0.8,138831
"SLB-159390",1,138832
"Kew-308804",1,138832
"Kew-293259",1,138832
"Kew-308090",0.8,138832
"SLB-159390",1,139551
"Kew-308804",1,139551
"Kew-293259",1,139551
"Kew-308090",0.8,139551
"SLB-159390",1,139552
"Kew-308804",1,139552
"Kew-293259",1,139552
"Kew-308090",0.76,139552
"SLB-159390",1,138833
"Kew-293259",1,138833
"Kew-308090",0.95,138833
"SLB-159390",1,139553
"Kew-308804",1,139553
"Kew-293259",1,139553
"Kew-308090",0.95,139553
"SLB-159390",1,138838
"Kew-293259",1,138838
"Kew-308090",1,138838
"SLB-159390",1,139557
"Kew-308804",1,139557
"Kew-293259",1,139557
"Kew-308090",1,139557
"SLB-159390",1,139558
"Kew-308804",1,139558
"Kew-293259",1,139558
"Kew-308090",1,139558
"SLB-159390",1,139559
"Kew-308804",1,139559
"Kew-293259",1,139559
"Kew-308090",0.69,139559
"SLB-159390",1,140271
"Kew-293259",1,140271
"Kew-308090",0.76,140271
"SLB-159390",1,140272
"Kew-308804",1,140272
"Kew-293259",1,140272
"Kew-308090",1,140272
"SLB-159390",1,140273
"Kew-293259",1,140273
"Kew-308090",1,140273
"SLB-159390",1,140275
"Kew-308804",1,140275
"Kew-293259",1,140275
"Kew-308090",1,140275
"SLB-159390",1,140276
"Kew-308804",1,140276
"Kew-293259",1,140276
"Kew-308090",1,140276
"SLB-159390",1,140995
"Kew-308804",1,140995
"Kew-293259",1,140995
"Kew-308090",1,140995
"SLB-159390",1,140277
"Kew-308804",1,140277
"Kew-293259",1,140277
"Kew-308090",0.93,140277
"SLB-159390",1,140278
"Kew-293259",1,140278
"Kew-308090",1,140278
"Kew-293259",1,141711
"Kew-293259",1,141712
"Kew-293259",0.98,142431
"Kew-293259",0.98,142432
"Kew-293259",1,141713
"Kew-293259",1,141714
"Kew-293259",1,142433
"Kew-293259",1,142434
"Kew-293259",1,141715
"Kew-293259",1,141716
"Kew-293259",1,142435
"Kew-293259",1,142436
"Kew-293259",1,141717
"Kew-293259",1,141718
"Kew-293259",0.95,142437
"Kew-293259",1,142438
"Kew-293259",1,141719
"Kew-293259",1,141720
"Kew-293259",1,142439
"Kew-293259",1,142440
"Kew-293259",1,143154
"Kew-293259",1,143155
"Kew-293259",0.95,143158
"Kew-293259",0.95,143878
"Kew-293259",1,143159
"Kew-293259",1,143160
"Kew-293259",1,143879
"Kew-293259",1,143880
"SLB-159390",0.48,130201
"Kew-293259",0.92,130201
"Kew-308090",0.14,130201
"SLB-159390",0.42,130921
"Kew-293259",0.9,130921
"Kew-308090",0.08,130921
"SLB-159390",0.49,130922
"Kew-293259",0.93,130922
"Kew-308090",0.15,130922
"SLB-159390",0.49,130204
"Kew-293259",0.92,130204
"Kew-308090",0.14,130204
"SLB-159390",0.45,130923
"Kew-293259",0.91,130923
"Kew-308090",0.11,130923
"SLB-159390",0.72,130924
"Kew-293259",0.99,130924
"Kew-308090",0.38,130924
"SLB-159390",0.78,130205
"Kew-293259",1,130205
"Kew-308090",0.43,130205
"SLB-159390",0.56,130206
"Kew-293259",0.96,130206
"Kew-308090",0.22,130206
"SLB-159390",0.68,130925
"Kew-293259",1,130925
"Kew-308090",0.34,130925
"SLB-159390",0.95,130926
"Kew-308804",0.97,130926
"Kew-293259",1,130926
"Kew-308090",0.7,130926
"SLB-159390",0.82,130207
"Kew-293259",1,130207
"Kew-308090",0.46,130207
"SLB-159390",0.97,130927
"Kew-308804",1,130927
"Kew-293259",1,130927
"Kew-308090",1,130927
"SLB-159390",0.97,130928
"Kew-308804",1,130928
"Kew-293259",1,130928
"Kew-308090",1,130928
"SLB-159390",0.93,131642
"Kew-308804",0.95,131642
"Kew-293259",0.99,131642
"Kew-308090",1,131642
"SLB-159390",0.94,131643
"Kew-308804",0.96,131643
"Kew-293259",1,131643
"Kew-308090",1,131643
"SLB-159390",0.19,132363
"Kew-308804",0.96,132363
"Kew-293259",1,132363
"Kew-308090",0.92,132363
"SLB-159390",0.94,132364
"Kew-308804",0.96,132364
"Kew-293259",0.95,132364
"Kew-308090",1,132364
"SLB-159390",0.96,131645
"Kew-308804",0.98,131645
"Kew-293259",1,131645
"Kew-308090",0.77,131645
"SLB-159390",0.96,131646
"Kew-308804",0.98,131646
"Kew-293259",0.95,131646
"Kew-308090",0.74,131646
"SLB-159390",0.96,132365
"Kew-308804",0.98,132365
"Kew-293259",0.95,132365
"Kew-308090",0.86,132365
"SLB-159390",0.9,132366
"Kew-293259",0.95,132366
"Kew-308090",0.54,132366
"SLB-159390",0.99,131647
"Kew-308804",1,131647
"Kew-293259",0.92,131647
"Kew-308090",1,131647
"SLB-159390",0.99,131648
"Kew-308804",1,131648
"Kew-293259",1,131648
"Kew-308090",1,131648
"SLB-159390",0.99,132367
"Kew-308804",1,132367
"Kew-293259",0.92,132367
"Kew-308090",0.2,132367
"SLB-159390",0.99,132368
"Kew-308804",1,132368
"Kew-293259",0.92,132368
"Kew-308090",0.62,132368
"SLB-159390",1,132369
"Kew-308804",1,132369
"Kew-293259",0.9,132369
"Kew-308090",1,132369
"SLB-159390",1,132370
"Kew-308804",1,132370
"Kew-293259",0.9,132370
"Kew-308090",0.95,132370
"SLB-159390",0.95,133801
"Kew-308804",0.97,133801
"Kew-293259",1,133801
"Kew-308090",0.67,133801
"SLB-159390",0.95,133802
"Kew-308804",0.97,133802
"Kew-293259",0.95,133802
"SLB-159390",0.96,133084
"Kew-308804",0.98,133084
"Kew-293259",0.95,133084
"Kew-308090",1,133084
"SLB-159390",0.96,133803
"Kew-308804",0.27,133803
"Kew-293259",0.95,133803
"Kew-308090",0.63,133803
"SLB-159390",0.19,133804
"Kew-308804",0.98,133804
"Kew-293259",0.95,133804
"Kew-308090",0.86,133804
"SLB-159390",0.99,133086
"Kew-293259",0.95,133086
"Kew-308090",0.69,133086
"SLB-159390",0.99,133805
"Kew-308804",1,133805
"Kew-293259",0.95,133805
"Kew-308090",0.89,133805
"SLB-159390",1,133087
"Kew-308804",1,133087
"Kew-293259",0.92,133087
"Kew-308090",1,133087
"SLB-159390",1,133088
"Kew-308804",1,133088
"Kew-293259",0.92,133088
"Kew-308090",1,133088
"SLB-159390",1,133089
"Kew-308804",1,133089
"Kew-293259",0.9,133089
"Kew-308090",0.97,133089
"SLB-159390",0.97,134521
"Kew-308804",1,134521
"Kew-293259",1,134521
"Kew-308090",0.44,134521
"SLB-159390",0.97,134522
"Kew-308804",1,134522
"Kew-293259",0.95,134522
"Kew-308090",0.88,134522
"SLB-159390",0.97,135241
"Kew-308804",1,135241
"Kew-293259",1,135241
"Kew-308090",0.97,135241
"SLB-159390",0.97,135242
"Kew-308804",1,135242
"Kew-293259",1,135242
"Kew-308090",1,135242
"SLB-159390",0.99,134523
"Kew-308804",1,134523
"Kew-293259",0.95,134523
"Kew-308090",1,134523
"SLB-159390",0.99,135243
"Kew-308804",1,135243
"Kew-293259",0.95,135243
"Kew-308090",0.88,135243
"SLB-159390",1,134525
"Kew-308804",1,134525
"Kew-293259",0.95,134525
"Kew-308090",1,134525
"SLB-159390",1,134526
"Kew-308804",1,134526
"Kew-293259",0.95,134526
"Kew-308090",1,134526
"SLB-159390",1,135245
"Kew-308804",1,135245
"Kew-293259",0.95,135245
"Kew-308090",1,135245
"SLB-159390",1,135246
"Kew-308804",1,135246
"Kew-293259",0.87,135246
"Kew-308090",0.09,135246
"SLB-159390",0.88,134527
"Kew-293259",0.87,134527
"Kew-308090",0.49,134527
"SLB-159390",1,135247
"Kew-308804",0.82,135247
"Kew-293259",0.87,135247
"Kew-308090",0.67,135247
"SLB-159390",1,135961
"Kew-308804",1,135961
"Kew-293259",1,135961
"Kew-308090",0.72,135961
"SLB-159390",1,135962
"Kew-293259",1,135962
"Kew-308090",1,135962
"SLB-159390",1,136681
"Kew-308804",1,136681
"Kew-293259",1,136681
"SLB-159390",1,136682
"Kew-308804",1,136682
"Kew-293259",1,136682
"Kew-308090",1,136682
"SLB-159390",1,135963
"Kew-308804",1,135963
"Kew-293259",1,135963
"Kew-308090",1,135963
"SLB-159390",1,135964
"Kew-308804",1,135964
"Kew-293259",1,135964
"Kew-308090",0.96,135964
"SLB-159390",1,136683
"Kew-293259",1,136683
"Kew-308090",1,136683
"SLB-159390",1,136684
"Kew-308804",1,136684
"Kew-293259",1,136684
"Kew-308090",1,136684
"SLB-159390",1,135965
"Kew-308804",1,135965
"Kew-293259",0.87,135965
"Kew-308090",1,135965
"SLB-159390",1,135966
"Kew-308804",1,135966
"Kew-293259",0.87,135966
"Kew-308090",1,135966
"SLB-159390",0.78,136685
"Kew-293259",1,136685
"Kew-308090",0.4,136685
"SLB-159390",1,136686
"Kew-308804",1,136686
"Kew-293259",1,136686
"Kew-308090",0.75,136686
"SLB-159390",0.96,135967
"Kew-293259",0.87,135967
"Kew-308090",0.57,135967
"SLB-159390",0.83,136687
"Kew-293259",1,136687
"Kew-308090",0.44,136687
"SLB-159390",1,130215
"Kew-308804",1,130215
"Kew-293259",1,130215
"Kew-308090",1,130215
"SLB-159390",1,130216
"Kew-308804",1,130216
"Kew-293259",0.9,130216
"Kew-308090",1,130216
"SLB-159390",1,130935
"Kew-308804",1,130935
"Kew-293259",1,130935
"Kew-308090",1,130935
"SLB-159390",1,130936
"Kew-308804",1,130936
"Kew-293259",0.9,130936
"Kew-308090",1,130936
"SLB-159390",1,130217
"Kew-308804",1,130217
"Kew-293259",0.9,130217
"Kew-308090",1,130217
"SLB-159390",1,130937
"Kew-308804",1,130937
"Kew-293259",0.9,130937
"Kew-308090",1,130937
"SLB-159390",1,130938
"Kew-308804",1,130938
"Kew-293259",0.9,130938
"Kew-308090",0.85,130938
"SLB-159390",0.99,130219
"Kew-308804",1,130219
"Kew-293259",0.92,130219
"Kew-308090",1,130219
"SLB-159390",0.99,130220
"Kew-308804",1,130220
"Kew-293259",0.92,130220
"Kew-308090",0.94,130220
"SLB-159390",0.99,130940
"Kew-308804",1,130940
"Kew-293259",0.92,130940
"Kew-308090",0.55,130940
"SLB-159390",1,132371
"Kew-308804",1,132371
"Kew-293259",0.85,132371
"Kew-308090",0.96,132371
"SLB-159390",1,132372
"Kew-308804",1,132372
"Kew-293259",0.9,132372
"Kew-308090",1,132372
"SLB-159390",1,132373
"Kew-308804",1,132373
"Kew-293259",0.9,132373
"Kew-308090",1,132373
"SLB-159390",1,132374
"Kew-308804",1,132374
"Kew-293259",0.9,132374
"Kew-308090",1,132374
"SLB-159390",1,131655
"Kew-308804",1,131655
"Kew-293259",0.9,131655
"Kew-308090",1,131655
"SLB-159390",1,131656
"Kew-308804",1,131656
"Kew-293259",0.9,131656
"Kew-308090",1,131656
"SLB-159390",1,132375
"Kew-308804",1,132375
"Kew-293259",0.9,132375
"Kew-308090",1,132375
"SLB-159390",1,132376
"Kew-308804",1,132376
"Kew-293259",0.9,132376
"Kew-308090",1,132376
"SLB-159390",1,131657
"Kew-308804",1,131657
"Kew-293259",0.9,131657
"Kew-308090",1,131657
"SLB-159390",1,131658
"Kew-308804",1,131658
"Kew-293259",0.9,131658
"Kew-308090",1,131658
"SLB-159390",1,132377
"Kew-308804",1,132377
"Kew-293259",0.9,132377
"Kew-308090",1,132377
"SLB-159390",1,131659
"Kew-308804",1,131659
"Kew-293259",0.95,131659
"Kew-308090",0.91,131659
"SLB-159390",1,131660
"Kew-308804",1,131660
"Kew-293259",0.95,131660
"Kew-308090",0.57,131660
"SLB-159390",1,132380
"Kew-308804",1,132380
"Kew-293259",0.95,132380
"Kew-308090",0.34,132380
"SLB-159390",1,133092
"Kew-308804",1,133092
"Kew-293259",0.85,133092
"Kew-308090",0.89,133092
"SLB-159390",1,133093
"Kew-308804",1,133093
"Kew-293259",0.85,133093
"Kew-308090",1,133093
"SLB-159390",1,133816
"Kew-308804",1,133816
"Kew-293259",0.85,133816
"Kew-308090",1,133816
"SLB-159390",1,133817
"Kew-308804",1,133817
"Kew-293259",0.85,133817
"Kew-308090",1,133817
"SLB-159390",1,133818
"Kew-308804",1,133818
"Kew-293259",0.9,133818
"Kew-308090",1,133818
"SLB-159390",0.14,133100
"SLB-159390",1,133819
"Kew-308804",1,133819
"Kew-293259",0.95,133819
"Kew-308090",1,133819
"SLB-159390",1,133820
"Kew-308804",1,133820
"Kew-293259",0.9,133820
"Kew-308090",1,133820
"SLB-159390",1,134533
"Kew-308804",1,134533
"Kew-293259",0.85,134533
"Kew-308090",1,134533
"SLB-159390",1,134534
"Kew-308804",1,134534
"Kew-293259",0.85,134534
"Kew-308090",1,134534
"SLB-159390",1,135253
"Kew-308804",1,135253
"Kew-293259",0.92,135253
"Kew-308090",1,135253
"SLB-159390",1,135254
"Kew-308804",1,135254
"Kew-293259",1,135254
"Kew-308090",1,135254
"SLB-159390",1,134535
"Kew-308804",1,134535
"Kew-293259",0.85,134535
"Kew-308090",1,134535
"SLB-159390",1,134536
"Kew-308804",1,134536
"Kew-293259",0.85,134536
"Kew-308090",1,134536
"SLB-159390",1,135255
"Kew-308804",1,135255
"Kew-293259",1,135255
"Kew-308090",1,135255
"SLB-159390",1,135256
"Kew-308804",1,135256
"Kew-293259",1,135256
"Kew-308090",1,135256
"SLB-159390",1,134537
"Kew-308804",1,134537
"Kew-293259",0.85,134537
"Kew-308090",1,134537
"SLB-159390",1,134538
"Kew-308804",1,134538
"Kew-293259",1,134538
"Kew-308090",1,134538
"SLB-159390",1,135257
"Kew-308804",1,135257
"Kew-293259",1,135257
"Kew-308090",1,135257
"SLB-159390",1,135258
"Kew-308804",1,135258
"Kew-293259",1,135258
"Kew-308090",1,135258
"SLB-159390",1,134539
"Kew-308804",1,134539
"Kew-293259",0.98,134539
"Kew-308090",1,134539
"SLB-159390",1,134540
"Kew-308804",1,134540
"Kew-293259",0.9,134540
"Kew-308090",1,134540
"SLB-159390",0.31,135980
"Kew-293259",0.82,135980
"Kew-293259",0.6,136700
"SLB-159390",1,137401
"Kew-308804",1,137401
"Kew-293259",1,137401
"Kew-308090",1,137401
"SLB-159390",1,137402
"Kew-293259",1,137402
"Kew-308090",0.96,137402
"SLB-159390",1,138121
"Kew-308804",1,138121
"Kew-293259",1,138121
"Kew-308090",1,138121
"SLB-159390",1,138122
"Kew-308804",1,138122
"Kew-293259",1,138122
"Kew-308090",0.76,138122
"SLB-159390",1,137404
"Kew-308804",1,137404
"Kew-293259",1,137404
"Kew-308090",1,137404
"SLB-159390",1,137405
"Kew-308804",1,137405
"Kew-293259",1,137405
"Kew-308090",0.91,137405
"SLB-159390",1,137406
"Kew-308804",1,137406
"Kew-293259",1,137406
"Kew-308090",0.81,137406
"SLB-159390",1,138126
"Kew-308804",1,138126
"Kew-293259",1,138126
"Kew-308090",0.8,138126
"SLB-159390",1,137407
"Kew-308804",1,137407
"Kew-293259",1,137407
"Kew-308090",1,137407
"SLB-159390",0.95,137408
"Kew-293259",1,137408
"Kew-308090",0.56,137408
"SLB-159390",1,138127
"Kew-293259",1,138127
"Kew-308090",1,138127
"SLB-159390",1,138128
"Kew-308804",1,138128
"Kew-293259",1,138128
"Kew-308090",1,138128
"SLB-159390",0.7,137409
"Kew-293259",1,137409
"Kew-308090",0.32,137409
"SLB-159390",0.2,137410
"Kew-293259",0.8,137410
"SLB-159390",0.85,138129
"Kew-293259",1,138129
"Kew-308090",0.46,138129
"SLB-159390",0.22,138130
"Kew-293259",0.81,138130
"SLB-159390",1,138841
"Kew-308804",1,138841
"Kew-293259",1,138841
"Kew-308090",1,138841
"SLB-159390",1,138842
"Kew-308804",1,138842
"Kew-293259",1,138842
"Kew-308090",0.74,138842
"SLB-159390",1,139561
"Kew-308804",1,139561
"Kew-293259",1,139561
"Kew-308090",1,139561
"SLB-159390",1,139562
"Kew-308804",1,139562
"Kew-293259",1,139562
"Kew-308090",1,139562
"SLB-159390",1,138843
"Kew-308804",1,138843
"Kew-293259",1,138843
"Kew-308090",1,138843
"SLB-159390",1,139563
"Kew-308804",1,139563
"Kew-293259",1,139563
"Kew-308090",0.55,139563
"SLB-159390",0.4,138846
"Kew-293259",0.88,138846
"Kew-308090",0.02,138846
"SLB-159390",0.32,139565
"Kew-293259",0.85,139565
"SLB-159390",0.18,138849
"Kew-293259",0.79,138849
"SLB-159390",1,140281
"Kew-293259",1,140281
"Kew-308090",1,140281
"SLB-159390",1,140282
"Kew-308804",1,140282
"Kew-293259",1,140282
"Kew-308090",1,140282
"SLB-159390",1,140283
"Kew-308804",1,140283
"Kew-293259",1,140283
"Kew-308090",1,140283
"SLB-159390",1,140284
"Kew-308804",1,140284
"Kew-293259",1,140284
"Kew-308090",1,140284
"Kew-293259",1,141721
"Kew-293259",1,141722
"Kew-293259",1,142441
"Kew-293259",0.9,142442
"Kew-293259",1,141723
"Kew-293259",1,141724
"Kew-293259",0.93,142443
"Kew-293259",0.93,142444
"Kew-293259",1,141725
"Kew-293259",1,141726
"Kew-293259",0.98,142445
"Kew-293259",0.98,142446
"Kew-293259",1,141727
"Kew-293259",1,141728
"Kew-293259",1,142447
"Kew-293259",1,142448
"Kew-293259",1,141729
"Kew-293259",1,141730
"Kew-293259",1,142449
"Kew-293259",1,142450
"Kew-293259",0.9,143161
"Kew-293259",0.9,143881
"Kew-293259",0.9,143882
"Kew-293259",1,143168
"Kew-293259",1,143888
"Kew-293259",1,143169
"Kew-293259",1,143170
"Kew-293259",1,143890
"SLB-159390",0.13,137416
"Kew-293259",0.71,138136
"SLB-159390",0.28,139579
"Kew-293259",0.79,139579
"SLB-159390",0.45,139580
"Kew-293259",0.86,139580
"Kew-308090",0.06,139580
"SLB-159390",0.98,141012
"Kew-293259",1,141012
"Kew-308090",0.59,141012
"SLB-159390",1,141013
"Kew-308804",1,141013
"Kew-293259",1,141013
"Kew-308090",0.7,141013
"SLB-159390",1,141014
"Kew-308804",1,141014
"Kew-293259",1,141014
"Kew-308090",0.81,141014
"SLB-159390",0.84,140295
"Kew-293259",1,140295
"Kew-308090",0.46,140295
"SLB-159390",1,141015
"Kew-308804",1,141015
"Kew-293259",1,141015
"Kew-308090",0.95,141015
"SLB-159390",1,141016
"Kew-308804",1,141016
"Kew-293259",1,141016
"Kew-308090",0.81,141016
"SLB-159390",0.75,140298
"Kew-293259",0.95,140298
"Kew-308090",0.36,140298
"SLB-159390",1,141020
"Kew-308804",0.18,141020
"Kew-293259",0.93,141020
"Kew-308090",0.6,141020
"Kew-293259",1,141731
"Kew-293259",1,141732
"Kew-293259",1,142451
"Kew-293259",0.64,142452
"Kew-293259",1,141733
"Kew-293259",1,141734
"Kew-293259",0.64,142453
"Kew-293259",0.64,142454
"Kew-293259",1,141735
"Kew-293259",1,141736
"Kew-293259",0.69,142455
"Kew-293259",0.85,141737
"Kew-293259",0.85,141738
"SLB-159390",1,141739
"Kew-308804",1,141739
"Kew-293259",0.85,141739
"Kew-308090",0.81,141739
"SLB-159390",1,141740
"Kew-308804",1,141740
"Kew-293259",0.85,141740
"Kew-308090",1,141740
"Kew-293259",1,143171
"Kew-293259",0.64,143172
"Kew-293259",1,143891
"Kew-293259",0.64,143173
"Kew-293259",0.66,143897
"SLB-159390",0.97,130221
"Kew-308804",0.99,130221
"Kew-293259",0.75,130221
"Kew-308090",0.61,130221
"SLB-159390",0.97,130222
"Kew-308804",0.99,130222
"Kew-293259",0.75,130222
"Kew-308090",0.98,130222
"SLB-159390",0.97,130941
"Kew-308804",0.99,130941
"Kew-293259",0.92,130941
"Kew-308090",0.08,130941
"SLB-159390",0.97,130942
"Kew-308804",0.99,130942
"Kew-293259",0.75,130942
"Kew-308090",0.4,130942
"SLB-159390",0.95,130223
"Kew-308804",0.97,130223
"Kew-293259",0.75,130223
"Kew-308090",0.98,130223
"SLB-159390",0.95,130943
"Kew-308804",0.97,130943
"Kew-293259",0.75,130943
"Kew-308090",0.48,130943
"SLB-159390",0.95,130944
"Kew-308804",0.97,130944
"Kew-293259",0.75,130944
"SLB-159390",0.93,130225
"Kew-308804",0.95,130225
"Kew-293259",0.7,130225
"Kew-308090",0.94,130225
"SLB-159390",0.93,130226
"Kew-308804",0.95,130226
"Kew-293259",0.7,130226
"Kew-308090",0.94,130226
"SLB-159390",0.93,130945
"Kew-308804",0.95,130945
"Kew-293259",0.7,130945
"SLB-159390",0.92,130227
"Kew-308804",0.94,130227
"Kew-293259",0.67,130227
"Kew-308090",0.91,130227
"SLB-159390",0.92,130947
"Kew-308804",0.94,130947
"Kew-293259",0.67,130947
"Kew-308090",0.91,130947
"SLB-159390",0.92,130948
"Kew-308804",0.94,130948
"Kew-293259",0.83,130948
"Kew-308090",1,130948
"SLB-159390",0.93,130230
"SLB-159390",0.93,130949
"Kew-308804",0.95,130949
"Kew-293259",0.84,130949
"Kew-308090",1,130949
"SLB-159390",0.93,130950
"Kew-308804",0.95,130950
"Kew-293259",0.84,130950
"Kew-308090",1,130950
"SLB-159390",1,131661
"Kew-308804",1,131661
"Kew-293259",0.95,131661
"SLB-159390",1,131662
"Kew-308804",1,131662
"Kew-293259",0.95,131662
"Kew-308090",1,131662
"SLB-159390",1,132381
"Kew-308804",1,132381
"Kew-293259",0.95,132381
"SLB-159390",1,132382
"Kew-308804",1,132382
"Kew-293259",0.9,132382
"Kew-308090",1,132382
"SLB-159390",0.2,131663
"Kew-308804",0.6,131663
"Kew-293259",0.41,131663
"SLB-159390",0.39,131664
"Kew-308804",1,131664
"Kew-293259",0.82,131664
"SLB-159390",0.41,132383
"Kew-308804",0.5,132383
"Kew-293259",0.33,132383
"SLB-159390",1,132385
"Kew-308804",1,132385
"Kew-293259",0.82,132385
"Kew-308090",1,132385
"SLB-159390",0.96,131669
"Kew-308804",0.98,131669
"Kew-293259",0.85,131669
"Kew-308090",1,131669
"SLB-159390",0.96,131670
"Kew-308804",0.98,131670
"Kew-293259",0.85,131670
"Kew-308090",1,131670
"SLB-159390",0.96,132389
"Kew-308804",0.98,132389
"Kew-293259",0.85,132389
"Kew-308090",1,132389
"SLB-159390",0.96,132390
"Kew-308804",0.98,132390
"Kew-293259",1,132390
"Kew-308090",1,132390
"SLB-159390",1,133101
"Kew-308804",1,133101
"Kew-293259",0.9,133101
"Kew-308090",1,133101
"SLB-159390",1,133102
"Kew-308804",1,133102
"Kew-293259",0.9,133102
"Kew-308090",1,133102
"SLB-159390",1,133821
"Kew-308804",1,133821
"Kew-293259",0.9,133821
"Kew-308090",1,133821
"SLB-159390",1,133103
"Kew-293259",0.82,133103
"SLB-159390",0.76,133824
"Kew-308804",0.9,133824
"Kew-293259",0.66,133824
"SLB-159390",1,133106
"Kew-308804",1,133106
"Kew-293259",0.82,133106
"SLB-159390",0.97,133825
"Kew-308804",1,133825
"Kew-293259",0.82,133825
"SLB-159390",1,133826
"Kew-308804",1,133826
"Kew-293259",0.82,133826
"Kew-308090",1,133826
"SLB-159390",1,133107
"Kew-308804",1,133107
"Kew-293259",0.82,133107
"Kew-308090",1,133107
"SLB-159390",0.9,133108
"Kew-308804",1,133108
"Kew-293259",1,133108
"SLB-159390",0.2,133827
"Kew-308804",1,133827
"Kew-293259",0.82,133827
"Kew-308090",1,133827
"SLB-159390",0.2,133828
"Kew-308804",1,133828
"Kew-293259",1,133828
"Kew-308090",0.68,133828
"SLB-159390",1,133109
"Kew-308804",1,133109
"Kew-293259",1,133109
"Kew-308090",1,133109
"SLB-159390",1,133110
"Kew-308804",1,133110
"Kew-293259",1,133110
"Kew-308090",1,133110
"SLB-159390",1,133829
"Kew-308804",1,133829
"Kew-293259",1,133829
"Kew-308090",0.5,133829
"SLB-159390",1,133830
"Kew-308804",1,133830
"Kew-293259",1,133830
"Kew-308090",1,133830
"SLB-159390",1,134541
"Kew-308804",1,134541
"Kew-293259",0.9,134541
"Kew-308090",1,134541
"SLB-159390",1,134542
"Kew-308804",1,134542
"Kew-293259",0.9,134542
"Kew-308090",1,134542
"SLB-159390",1,135261
"Kew-308804",1,135261
"Kew-293259",0.9,135261
"Kew-308090",1,135261
"SLB-159390",1,135262
"Kew-308804",1,135262
"Kew-293259",0.69,135262
"Kew-308090",0.91,135262
"SLB-159390",1,135263
"Kew-308804",1,135263
"Kew-293259",0.69,135263
"Kew-308090",0.91,135263
"SLB-159390",1,134545
"Kew-308804",1,134545
"Kew-293259",0.69,134545
"Kew-308090",0.9,134545
"SLB-159390",1,134546
"Kew-308804",1,134546
"Kew-293259",0.69,134546
"Kew-308090",0.91,134546
"SLB-159390",1,135266
"Kew-308804",1,135266
"Kew-293259",0.75,135266
"Kew-308090",0.98,135266
"SLB-159390",1,134548
"Kew-308804",1,134548
"Kew-293259",0.82,134548
"Kew-308090",1,134548
"SLB-159390",1,135267
"Kew-308804",1,135267
"Kew-293259",0.82,135267
"Kew-308090",1,135267
"SLB-159390",1,135268
"Kew-308804",1,135268
"Kew-293259",0.82,135268
"SLB-159390",1,134550
"Kew-308804",1,134550
"Kew-293259",1,134550
"Kew-308090",0.42,134550
"SLB-159390",1,135269
"Kew-308804",1,135269
"Kew-293259",1,135269
"Kew-308090",0.72,135269
"SLB-159390",0.4,135270
"Kew-308804",1,135270
"Kew-293259",1,135270
"Kew-308090",0.43,135270
"Kew-293259",0.62,136701
"SLB-159390",1,135983
"Kew-308804",1,135983
"Kew-293259",0.79,135983
"Kew-308090",1,135983
"SLB-159390",1,135984
"Kew-308804",1,135984
"Kew-293259",0.79,135984
"Kew-308090",0.75,135984
"SLB-159390",0.57,136704
"Kew-293259",0.76,136704
"Kew-308090",0.19,136704
"SLB-159390",1,135986
"Kew-308804",1,135986
"Kew-293259",0.75,135986
"Kew-308090",0.98,135986
"SLB-159390",1,135987
"Kew-308804",1,135987
"Kew-293259",0.82,135987
"Kew-308090",0.82,135987
"SLB-159390",1,135988
"Kew-308804",1,135988
"Kew-293259",0.82,135988
"SLB-159390",1,135989
"Kew-293259",1,135989
"SLB-159390",0.74,135990
"Kew-308804",0.88,135990
"Kew-293259",0.79,135990
"SLB-159390",1,136710
"Kew-293259",1,136710
"Kew-308090",0.96,136710
"SLB-159390",0.93,130231
"Kew-308804",0.95,130231
"Kew-293259",0.68,130231
"Kew-308090",0.91,130231
"SLB-159390",0.93,130951
"Kew-308804",0.95,130951
"Kew-293259",0.84,130951
"Kew-308090",1,130951
"SLB-159390",0.93,130952
"Kew-308804",0.95,130952
"Kew-293259",0.8,130952
"Kew-308090",1,130952
"SLB-159390",0.92,130953
"Kew-308804",0.94,130953
"Kew-293259",0.8,130953
"Kew-308090",1,130953
"SLB-159390",0.95,131671
"Kew-308804",0.97,131671
"Kew-293259",0.85,131671
"Kew-308090",1,131671
"SLB-159390",0.95,131672
"Kew-308804",0.97,131672
"Kew-293259",0.82,131672
"Kew-308090",0.9,131672
"SLB-159390",0.95,132391
"Kew-308804",0.97,132391
"Kew-293259",1,132391
"Kew-308090",1,132391
"SLB-159390",0.95,132392
"Kew-308804",0.97,132392
"Kew-293259",1,132392
"Kew-308090",0.74,132392
"SLB-159390",0.94,131673
"Kew-308804",0.96,131673
"Kew-293259",0.81,131673
"Kew-308090",0.72,131673
"SLB-159390",0.94,131674
"Kew-308804",0.96,131674
"Kew-293259",0.81,131674
"Kew-308090",0.22,131674
"SLB-159390",0.94,132393
"Kew-308804",0.96,132393
"Kew-293259",1,132393
"SLB-159390",0.94,132394
"Kew-308804",0.96,132394
"Kew-293259",0.81,132394
"Kew-308090",1,132394
"SLB-159390",0.88,131675
"Kew-293259",0.66,131675
"SLB-159390",0.67,132395
"Kew-308804",0.81,132395
"Kew-293259",0.5,132395
"SLB-159390",0.11,132396
"Kew-308804",0.16,132396
"Kew-293259",0.05,132396
"SLB-159390",0.78,131677
"Kew-308804",0.94,131677
"Kew-293259",0.5,131677
"SLB-159390",0.93,132397
"Kew-308804",0.95,132397
"Kew-293259",0.56,132397
"SLB-159390",0.93,132398
"Kew-308804",0.95,132398
"Kew-293259",0.48,132398
"SLB-159390",0.94,132399
"Kew-308804",0.96,132399
"Kew-293259",0.48,132399
"Kew-308090",0.12,132399
"SLB-159390",1,133111
"Kew-308804",1,133111
"Kew-293259",1,133111
"Kew-308090",1,133111
"SLB-159390",1,133112
"Kew-293259",1,133112
"Kew-308090",0.45,133112
"SLB-159390",1,133831
"Kew-293259",1,133831
"Kew-308090",1,133831
"SLB-159390",0.46,133832
"Kew-308804",0.56,133832
"Kew-293259",0.47,133832
"SLB-159390",0.79,133113
"Kew-308804",0.95,133113
"Kew-293259",0.86,133113
"SLB-159390",0.97,133114
"Kew-308804",0.99,133114
"Kew-293259",1,133114
"SLB-159390",0.94,133833
"Kew-308804",0.99,133833
"Kew-293259",1,133833
"SLB-159390",0.77,133115
"Kew-308804",0.93,133115
"Kew-293259",0.57,133115
"SLB-159390",0.95,133119
"Kew-308804",0.98,133119
"Kew-293259",0.48,133119
"Kew-308090",0.39,133119
"SLB-159390",0.95,133120
"Kew-308804",0.98,133120
"Kew-293259",0.48,133120
"Kew-308090",0.17,133120
"SLB-159390",1,134551
"Kew-308804",1,134551
"Kew-293259",1,134551
"SLB-159390",1,134552
"Kew-308804",1,134552
"Kew-293259",1,134552
"SLB-159390",0.82,135991
"Kew-308804",0.97,135991
"Kew-293259",0.88,135991
"SLB-159390",0.6,135992
"Kew-308804",0.72,135992
"Kew-293259",0.63,135992
"SLB-159390",0.51,136711
"Kew-293259",0.93,136711
"Kew-308090",0.12,136711
"SLB-159390",1,136712
"Kew-293259",1,136712
"SLB-159390",0.55,136713
"Kew-308804",0.66,136713
"Kew-293259",0.51,136713
"SLB-159390",0.1,136716
"Kew-308804",1,136716
"Kew-293259",0.48,136716
"SLB-159390",0.37,138144
"Kew-293259",0.74,138144
"SLB-159390",0.96,137425
"Kew-293259",0.83,137425
"Kew-308090",0.41,137425
"SLB-159390",1,137426
"Kew-308804",1,137426
"Kew-293259",0.83,137426
"Kew-308090",0.72,137426
"SLB-159390",1,138145
"Kew-308804",1,138145
"Kew-293259",0.83,138145
"Kew-308090",0.72,138145
"SLB-159390",1,138146
"Kew-308804",1,138146
"Kew-293259",0.83,138146
"Kew-308090",0.72,138146
"SLB-159390",1,137427
"Kew-308804",1,137427
"Kew-293259",0.84,137427
"Kew-308090",0.64,137427
"SLB-159390",1,138147
"Kew-308804",1,138147
"Kew-293259",0.84,138147
"Kew-308090",0.64,138147
"SLB-159390",1,137429
"Kew-308804",1,137429
"Kew-293259",0.84,137429
"SLB-159390",1,137430
"Kew-308804",1,137430
"Kew-293259",0.84,137430
"SLB-159390",1,138149
"Kew-308804",1,138149
"Kew-293259",0.78,138149
"SLB-159390",0.42,138150
"Kew-308804",0.51,138150
"Kew-293259",0.35,138150
"SLB-159390",1,139584
"Kew-308804",1,139584
"Kew-293259",0.87,139584
"Kew-308090",0.6,139584
"SLB-159390",0.57,138866
"SLB-159390",1,139585
"Kew-308804",1,139585
"Kew-293259",0.81,139585
"Kew-308090",0.55,139585
"SLB-159390",1,138868
"Kew-293259",0.74,138868
"Kew-308090",0.52,138868
"SLB-159390",1,139587
"Kew-293259",0.74,139587
"Kew-308090",0.52,139587
"SLB-159390",0.4,139588
"Kew-293259",0.66,139588
"Kew-308090",0.01,139588
"SLB-159390",1,138869
"Kew-308804",1,138869
"Kew-293259",0.67,138869
"SLB-159390",0.84,138870
"Kew-308804",0.99,138870
"Kew-293259",0.63,138870
"SLB-159390",0.96,139589
"Kew-308804",1,139589
"Kew-293259",0.67,139589
"SLB-159390",0.57,139590
"Kew-308804",0.69,139590
"Kew-293259",0.42,139590
"SLB-159390",0.81,140302
"Kew-293259",0.93,140302
"Kew-308090",0.38,140302
"SLB-159390",1,141021
"Kew-308804",0.82,141021
"Kew-293259",0.93,141021
"Kew-308090",0.61,141021
"SLB-159390",1,141022
"Kew-308804",1,141022
"Kew-293259",0.93,141022
"Kew-308090",0.9,141022
"SLB-159390",1,140303
"Kew-308804",1,140303
"Kew-293259",0.87,140303
"Kew-308090",0.82,140303
"SLB-159390",1,140304
"Kew-308804",1,140304
"Kew-293259",0.87,140304
"Kew-308090",0.82,140304
"SLB-159390",1,141023
"Kew-308804",1,141023
"Kew-293259",0.93,141023
"Kew-308090",0.82,141023
"SLB-159390",1,141024
"Kew-308804",1,141024
"Kew-293259",0.87,141024
"Kew-308090",0.82,141024
"SLB-159390",1,140305
"Kew-308804",1,140305
"Kew-293259",0.84,140305
"Kew-308090",0.7,140305
"SLB-159390",1,140307
"Kew-293259",0.84,140307
"Kew-308090",0.49,140307
"SLB-159390",1,140308
"Kew-293259",0.84,140308
"Kew-308090",0.58,140308
"SLB-159390",1,141027
"Kew-293259",0.84,141027
"Kew-308090",0.07,141027
"SLB-159390",1,141028
"Kew-293259",0.84,141028
"SLB-159390",1,140309
"Kew-293259",0.72,140309
"SLB-159390",0.28,140310
"Kew-308804",0.35,140310
"Kew-293259",0.18,140310
"SLB-159390",0.72,141029
"SLB-159390",1,141742
"Kew-308804",1,141742
"Kew-293259",0.85,141742
"Kew-308090",1,141742
"SLB-159390",1,141743
"Kew-308804",1,141743
"Kew-293259",0.85,141743
"Kew-308090",0.98,141743
"SLB-159390",0.71,142464
"SLB-159390",1,141746
"Kew-293259",0.87,141746
"Kew-308090",0.79,141746
"SLB-159390",1,142466
"SLB-159390",1,141747
"Kew-293259",0.88,141747
"SLB-159390",1,141748
"Kew-293259",0.88,141748
"SLB-159390",1,142467
"Kew-293259",0.59,142467
"Kew-308090",0.36,142467
"SLB-159390",0.57,143183
"SLB-159390",0.57,143184
"SLB-159390",0.43,143904
"SLB-159390",0.57,143906
"SLB-159390",0.29,143187
"SLB-159390",0.57,143188
"SLB-159390",0.57,143907
"SLB-159390",0.57,143908
"SLB-159390",1,137431
"Kew-308804",1,137431
"Kew-293259",0.8,137431
"SLB-159390",1,137432
"SLB-159390",0.86,138151
"Kew-308804",1,138151
"Kew-293259",0.74,138151
"SLB-159390",0.43,138152
"SLB-159390",1,137433
"Kew-293259",0.48,137433
"SLB-159390",0.7,137434
"Kew-293259",0.54,137434
"SLB-159390",0.4,138153
"SLB-159390",0.57,138154
"Kew-308804",0.04,137435
"SLB-159390",0.03,137436
"Kew-308804",0.07,137436
"SLB-159390",0.04,138155
"SLB-159390",1,137437
"Kew-308804",1,137437
"Kew-293259",0.62,137437
"SLB-159390",0.56,138157
"Kew-308804",0.68,138157
"Kew-293259",0.36,138157
"SLB-159390",0.69,138871
"Kew-293259",0.48,138871
"SLB-159390",0.34,138872
"SLB-159390",0.4,139591
"Kew-293259",0.26,139591
"SLB-159390",0.12,139592
"SLB-159390",0.32,138873
"SLB-159390",0.03,138874
"SLB-159390",0.11,139593
"SLB-159390",0.11,138878
"Kew-308804",0.16,138878
"Kew-293259",0.04,138878
"SLB-159390",0.37,139598
"Kew-308804",0.45,139598
"Kew-293259",0.22,139598
"SLB-159390",0.03,139599
"Kew-308804",0.43,139599
"Kew-293259",0.09,139599
"SLB-159390",0.42,140311
"SLB-159390",0.11,140313
"SLB-159390",0.09,140317
"Kew-308804",0.13,140317
"Kew-293259",0.02,140317
"SLB-159390",0.48,140318
"Kew-308804",0.58,140318
"Kew-293259",0.26,140318
"SLB-159390",0.15,141037
"Kew-308804",0.21,141037
"Kew-293259",0.06,141037
"SLB-159390",0.03,141038
"Kew-308804",0.43,141038
"Kew-293259",0.09,141038
"SLB-159390",0.08,140319
"Kew-308804",0.9,140319
"Kew-293259",0.09,140319
"SLB-159390",0.07,141039
"Kew-308804",0.84,141039
"Kew-293259",0.08,141039
"SLB-159390",0.01,141753
"SLB-159390",0.46,142473
"Kew-293259",0.27,142473
"SLB-159390",0.07,142474
"SLB-159390",0.13,141756
"Kew-308804",0.18,141756
"Kew-293259",0.04,141756
"SLB-159390",0.12,142475
"SLB-159390",0.55,142476
"Kew-293259",0.18,142476
"SLB-159390",0.61,142477
"SLB-159390",0.44,142478
"SLB-159390",0.59,141759
"Kew-308804",0.7,141759
"Kew-293259",0.06,141759
"SLB-159390",0.69,141760
"Kew-308804",0.82,141760
"Kew-293259",0.08,141760
"SLB-159390",1,143912
"Kew-293259",0.68,143912
"SLB-159390",1,143913
"Kew-293259",0.58,143913
"SLB-159390",1,143914
"SLB-159390",0.95,132406
"Kew-308804",0.97,132406
"Kew-293259",0.76,132406
"Kew-308090",0.98,132406
"SLB-159390",0.81,131687
"Kew-293259",0.77,131687
"Kew-308090",0.47,131687
"SLB-159390",0.94,131689
"Kew-308804",0.96,131689
"Kew-293259",0.73,131689
"Kew-308090",0.96,131689
"SLB-159390",0.38,131690
"Kew-293259",0.65,131690
"Kew-308090",0.03,131690
"SLB-159390",0.96,133121
"Kew-308804",0.99,133121
"Kew-293259",0.59,133121
"Kew-308090",0.68,133121
"SLB-159390",0.96,133122
"Kew-308804",0.99,133122
"Kew-293259",0.59,133122
"Kew-308090",0.8,133122
"SLB-159390",0.96,133842
"Kew-308804",0.99,133842
"Kew-293259",0.59,133842
"Kew-308090",0.8,133842
"SLB-159390",0.97,133843
"Kew-308804",0.99,133843
"Kew-293259",0.67,133843
"Kew-308090",0.01,133843
"SLB-159390",0.97,133844
"Kew-308804",0.99,133844
"Kew-293259",0.87,133844
"Kew-308090",0.49,133844
"SLB-159390",0.97,133845
"Kew-308804",0.99,133845
"Kew-293259",0.87,133845
"Kew-308090",1,133845
"SLB-159390",0.99,134565
"Kew-308804",1,134565
"Kew-293259",0.87,134565
"Kew-308090",0.71,134565
"SLB-159390",0.99,134566
"Kew-308804",1,134566
"Kew-293259",0.87,134566
"Kew-308090",0.8,134566
"SLB-159390",0.99,134567
"Kew-308804",1,134567
"Kew-293259",0.87,134567
"Kew-308090",0.48,134567
"SLB-159390",0.99,134568
"Kew-308804",1,134568
"Kew-293259",0.87,134568
"SLB-159390",0.99,135288
"Kew-308804",1,135288
"Kew-293259",0.93,135288
"Kew-308090",0.07,135288
"SLB-159390",0.97,134569
"Kew-308804",1,134569
"Kew-293259",0.93,134569
"SLB-159390",0.51,135289
"Kew-308804",0.63,135289
"Kew-293259",0.5,135289
"SLB-159390",0.58,136010
"Kew-308804",0.69,136010
"Kew-293259",0.56,136010
"Kew-293259",0.36,130971
"Kew-293259",0.35,130972
"SLB-159390",0.24,131691
"Kew-293259",0.54,131691
"SLB-159390",0.56,132411
"Kew-293259",0.63,132411
"Kew-308090",0.2,132411
"SLB-159390",0.39,132414
"Kew-293259",0.53,132414
"Kew-308090",0.04,132414
"Kew-293259",0.37,132415
"Kew-293259",0.28,132417
"Kew-293259",0.23,131700
"Kew-293259",0.23,132420
"SLB-159390",0.94,133133
"Kew-308804",0.96,133133
"Kew-293259",0.6,133133
"Kew-308090",0.83,133133
"SLB-159390",0.9,133134
"Kew-293259",0.6,133134
"Kew-308090",0.47,133134
"SLB-159390",0.94,133853
"Kew-308804",0.96,133853
"Kew-293259",0.66,133853
"Kew-308090",0.85,133853
"SLB-159390",0.53,133854
"Kew-293259",0.5,133854
"Kew-308090",0.14,133854
"SLB-159390",0.26,133135
"Kew-293259",0.43,133135
"Kew-293259",0.31,133136
"SLB-159390",0.07,133855
"Kew-293259",0.38,133855
"Kew-293259",0.32,133137
"Kew-293259",0.44,133860
"SLB-159390",0.98,135291
"Kew-308804",1,135291
"Kew-293259",0.72,135291
"Kew-308090",0.18,135291
"Kew-293259",0.46,134576
"Kew-293259",0.47,134577
"SLB-159390",0.99,136011
"Kew-308804",1,136011
"Kew-293259",0.72,136011
"Kew-308090",0.86,136011
"SLB-159390",0.99,136012
"Kew-308804",1,136012
"Kew-293259",0.72,136012
"Kew-308090",0.95,136012
"SLB-159390",0.99,136732
"Kew-308804",1,136732
"Kew-293259",0.69,136732
"Kew-308090",0.91,136732
"SLB-159390",0.98,136013
"Kew-308804",1,136013
"Kew-293259",0.69,136013
"Kew-308090",0.91,136013
"SLB-159390",0.98,136733
"Kew-308804",1,136733
"Kew-293259",0.69,136733
"Kew-308090",0.91,136733
"SLB-159390",0.98,136734
"Kew-293259",0.69,136734
"Kew-308090",0.74,136734
"SLB-159390",0.04,136739
"Kew-293259",0.67,136739
"Kew-293259",0.63,136740
"SLB-159390",0.09,140328
"Kew-308804",1,140328
"SLB-159390",0.09,141047
"Kew-308804",1,141047
"SLB-159390",0.86,141048
"Kew-308804",1,141048
"SLB-159390",0.2,140330
"Kew-308804",1,140330
"Kew-293259",0.18,140330
"Kew-308090",0.1,140330
"SLB-159390",0.88,141049
"Kew-308804",1,141049
"SLB-159390",0.88,141050
"Kew-308804",1,141050
"SLB-159390",0.82,141761
"Kew-308804",0.94,141761
"SLB-159390",0.77,142481
"Kew-308804",0.89,142481
"SLB-159390",0.75,142482
"Kew-308804",0.86,142482
"SLB-159390",0.04,141765
"Kew-308804",0.59,141765
"SLB-159390",0.16,141766
"Kew-308804",1,141766
"SLB-159390",0.77,141767
"Kew-308804",1,141767
"SLB-159390",0.77,141768
"Kew-308804",1,141768
"SLB-159390",0.77,142487
"Kew-308804",1,142487
"SLB-159390",0.69,142488
"Kew-308804",1,142488
"SLB-159390",0.31,141769
"SLB-159390",0.72,142489
"SLB-159390",0.97,143202
"Kew-308804",1,143202
"Kew-293259",0.05,143202
"SLB-159390",0.14,143922
"SLB-159390",0.87,143203
"Kew-308804",1,143203
"SLB-159390",0.87,143204
"Kew-308804",1,143204
"SLB-159390",0.84,143923
"SLB-159390",0.87,143924
"Kew-308804",1,143924
"SLB-159390",0.75,143205
"Kew-308804",1,143205
"SLB-159390",0.75,143206
"Kew-308804",1,143206
"SLB-159390",0.75,143925
"Kew-308804",1,143925
"SLB-159390",0.7,143207
"Kew-308804",0.73,143207
"SLB-159390",0.05,143208
"SLB-159390",0.7,143209
"Kew-308804",1,143209
"SLB-159390",0.7,143210
"SLB-159390",0.7,143929
"Kew-308804",1,143929
"SLB-159390",0.7,143930
"SLB-159390",1,137452
"Kew-308804",1,137452
"Kew-293259",0.69,137452
"Kew-308090",0.25,137452
"SLB-159390",0.99,137453
"Kew-308804",1,137453
"Kew-293259",0.69,137453
"Kew-308090",0.91,137453
"SLB-159390",0.99,138173
"Kew-308804",1,138173
"Kew-293259",0.69,138173
"Kew-308090",0.24,138173
"SLB-159390",0.99,138174
"Kew-308804",1,138174
"Kew-293259",0.79,138174
"Kew-308090",1,138174
"SLB-159390",0.87,137455
"Kew-293259",0.79,137455
"Kew-308090",0.49,137455
"SLB-159390",0.27,137456
"Kew-293259",0.66,137456
"SLB-159390",0.99,138175
"Kew-308804",0.73,138175
"Kew-293259",0.79,138175
"Kew-308090",0.67,138175
"SLB-159390",0.3,138176
"Kew-293259",0.67,138176
"SLB-159390",0.09,137457
"Kew-293259",0.64,137457
"SLB-159390",0.29,137458
"Kew-293259",0.71,137458
"SLB-159390",0.21,138177
"Kew-293259",0.64,138177
"SLB-159390",0.5,138178
"Kew-293259",0.66,138178
"Kew-308090",0.12,138178
"SLB-159390",0.71,137459
"Kew-293259",0.93,137459
"Kew-308090",0.35,137459
"SLB-159390",0.61,137460
"Kew-293259",0.91,137460
"Kew-308090",0.25,137460
"SLB-159390",0.17,138179
"Kew-293259",0.56,138179
"SLB-159390",1,139614
"Kew-308804",1,139614
"Kew-293259",0.79,139614
"Kew-308090",1,139614
"SLB-159390",1,138896
"Kew-308804",1,138896
"Kew-293259",0.79,138896
"Kew-308090",0.76,138896
"SLB-159390",1,139615
"Kew-308804",1,139615
"Kew-293259",0.79,139615
"Kew-308090",0.84,139615
"SLB-159390",1,139616
"Kew-308804",1,139616
"Kew-293259",0.71,139616
"Kew-308090",0.94,139616
"SLB-159390",0.16,138898
"Kew-293259",0.56,138898
"SLB-159390",0.01,138899
"Kew-293259",0.51,138899
"SLB-159390",0.03,138900
"Kew-293259",0.52,138900
"SLB-159390",0.93,141051
"Kew-308804",1,141051
"Kew-293259",0.05,141051
"SLB-159390",0.93,141052
"Kew-308804",1,141052
"Kew-293259",0.05,141052
"SLB-159390",1,140335
"Kew-308804",1,140335
"Kew-293259",0.56,140335
"Kew-308090",0.78,140335
"SLB-159390",1,141055
"Kew-308804",1,141055
"Kew-293259",0.56,141055
"Kew-308090",0.63,141055
"SLB-159390",1,141056
"Kew-308804",1,141056
"Kew-293259",0.56,141056
"Kew-308090",0.78,141056
"SLB-159390",1,141057
"Kew-293259",0.56,141057
"Kew-308090",0.74,141057
"SLB-159390",0.39,141772
"Kew-308804",0.6,141772
"SLB-159390",0.56,142491
"SLB-159390",0.78,141773
"Kew-308804",1,141773
"SLB-159390",0.6,142493
"Kew-308804",0.92,142493
"SLB-159390",0.78,142494
"Kew-308804",1,142494
"SLB-159390",1,141777
"Kew-308804",1,141777
"Kew-293259",0.56,141777
"Kew-308090",0.78,141777
"SLB-159390",0.39,141778
"Kew-293259",0.49,141778
"Kew-308090",0.01,141778
"SLB-159390",0.63,142497
"Kew-293259",0.55,142497
"Kew-308090",0.2,142497
"Kew-293259",0.1,142498
"SLB-159390",0.15,141779
"Kew-293259",0.17,141779
"SLB-159390",0.25,141780
"Kew-293259",0.18,141780
"Kew-293259",0.1,142499
"SLB-159390",0.1,142500
"Kew-293259",0.17,142500
"SLB-159390",0.72,143932
"SLB-159390",0.71,143214
"Kew-308804",1,143214
"SLB-159390",0.72,143215
"Kew-308804",1,143215
"SLB-159390",0.72,143935
"Kew-308804",1,143935
"SLB-159390",0.43,143936
"SLB-159390",0.48,143218
"Kew-293259",0.07,143218
"Kew-293259",0.09,143219
"SLB-159390",0.1,143220
"Kew-293259",0.1,143220
"SLB-159390",0.18,143939
"Kew-293259",0.11,143939
"SLB-159390",0.14,143940
"Kew-293259",0.1,143940
"Kew-293259",0.18,132421
"Kew-293259",0.13,132427
"Kew-293259",0.11,132428
"Kew-293259",0.24,133141
"Kew-293259",0.19,133142
"Kew-293259",0.38,133861
"Kew-293259",0.23,133862
"Kew-293259",0.17,133863
"Kew-293259",0.13,133864
"Kew-293259",0.09,133865
"Kew-293259",0.08,133866
"Kew-293259",0.08,133147
"Kew-293259",0.08,133148
"Kew-293259",0.2,134583
"Kew-293259",0.2,134584
"Kew-293259",0.1,134585
"Kew-293259",0.09,134586
"Kew-293259",0.13,135305
"Kew-293259",0.04,135306
"Kew-293259",0.04,134587
"Kew-293259",0.04,135308
"Kew-293259",0.08,134589
"Kew-293259",0.17,134590
"Kew-293259",0.64,136741
"Kew-293259",0.62,136024
"Kew-293259",0.62,136743
"Kew-293259",0.36,136744
"Kew-293259",0.22,136025
"Kew-293259",0.17,136026
"Kew-293259",0.38,136745
"Kew-293259",0.24,136746
"Kew-293259",0.13,136027
"Kew-293259",0.13,136028
"Kew-293259",0.19,136747
"Kew-293259",0.11,136029
"Kew-293259",0.11,136749
"Kew-293259",0.12,136750
"Kew-293259",0.13,136751
"Kew-293259",0.09,136752
"Kew-293259",0.08,136755
"Kew-293259",0.08,136039
"Kew-293259",0.11,136759
"SLB-159390",0.1,137461
"Kew-293259",0.76,137461
"SLB-159390",0.37,137462
"Kew-293259",0.88,137462
"Kew-308090",0.01,137462
"Kew-293259",0.34,138182
"Kew-293259",0.62,137463
"Kew-293259",0.32,137464
"Kew-293259",0.29,138183
"Kew-293259",0.29,138184
"Kew-293259",0.33,137465
"Kew-293259",0.15,137470
"Kew-293259",0.17,138190
"Kew-293259",0.34,138901
"Kew-293259",0.27,138902
"Kew-293259",0.18,138910
"SLB-159390",0.22,141781
"Kew-293259",0.18,141781
"SLB-159390",0.07,141782
"Kew-293259",0.16,141782
"Kew-293259",0.07,142501
"Kew-293259",0.14,141783
"Kew-293259",0.14,142503
"Kew-293259",0.12,142504
"Kew-293259",0.17,142505
"Kew-293259",0.14,142506
"Kew-293259",0.11,143221
"Kew-293259",0.07,143222
"SLB-159390",0.01,143941
"Kew-293259",0.12,143941
"SLB-159390",0.16,143942
"Kew-293259",0.07,143942
"Kew-293259",0.07,143223
"Kew-293259",0.06,143224
"Kew-293259",0.08,143943
"Kew-293259",0.11,143225
"Kew-293259",0.09,143226
"Kew-293259",0.07,143945
"Kew-293259",0.1,143227
"Kew-293259",0.1,143228
"Kew-293259",0.19,138191
"Kew-293259",0.11,137479
"Kew-293259",0.11,137480
"Kew-293259",0.19,138911
"SLB-159390",0.37,138912
"Kew-293259",0.28,138912
"Kew-308090",0.01,138912
"Kew-293259",0.23,139631
"Kew-293259",0.25,139632
"Kew-293259",0.19,138913
"SLB-159390",0.34,139633
"Kew-293259",0.29,139633
"SLB-159390",0.09,139634
"Kew-293259",0.2,139634
"Kew-293259",0.18,139635
"Kew-293259",0.17,138919
"SLB-159390",0.21,140352
"Kew-293259",0.29,140352
"SLB-159390",0.05,140353
"Kew-293259",0.25,140353
"SLB-159390",0.16,140354
"Kew-293259",0.27,140354
"SLB-159390",0.08,141074
"Kew-293259",0.26,141074
"SLB-159390",0.1,140355
"Kew-293259",0.21,140355
"SLB-159390",0.2,140356
"Kew-293259",0.22,140356
"Kew-293259",0.25,141075
"SLB-159390",0.36,141076
"Kew-293259",0.33,141076
"SLB-159390",0.17,140357
"Kew-293259",0.3,140357
"SLB-159390",0.02,140358
"Kew-293259",0.27,140358
"SLB-159390",0.37,141077
"Kew-293259",0.33,141077
"Kew-308090",0.01,141077
"SLB-159390",0.22,141078
"Kew-293259",0.3,141078
"SLB-159390",0.21,141079
"Kew-293259",0.27,141079
"SLB-159390",0.06,141080
"Kew-293259",0.25,141080
"SLB-159390",0.45,141794
"Kew-293259",0.29,141794
"Kew-308090",0.04,141794
"SLB-159390",0.14,141795
"Kew-293259",0.25,141795
"SLB-159390",0.09,141796
"Kew-293259",0.26,141796
"Kew-293259",0.2,142515
"Kew-293259",0.25,142516
"SLB-159390",0.01,141797
"Kew-293259",0.25,141797
"SLB-159390",0.02,141798
"Kew-293259",0.25,141798
"Kew-293259",0.22,142517
"Kew-293259",0.22,142518
"SLB-159390",0.27,141799
"Kew-293259",0.29,141799
"SLB-159390",0.33,141800
"Kew-293259",0.3,141800
"SLB-159390",0.11,142519
"Kew-293259",0.26,142519
"SLB-159390",0.28,142520
"Kew-293259",0.34,142520
"Kew-293259",0.26,143239
"SLB-159390",0.18,143240
"Kew-293259",0.32,143240
"Kew-293259",0.28,143960
"SLB-159390",0.96,130294
"Kew-308804",0.99,130294
"Kew-293259",0.2,130294
"Kew-308090",0.34,130294
"SLB-159390",0.96,131014
"Kew-308804",0.54,131014
"Kew-293259",0.2,131014
"Kew-308090",0.25,131014
"SLB-159390",1,131020
"Kew-308804",1,131020
"Kew-308090",0.08,131020
"Kew-293259",0.17,141082
"SLB-159390",0.06,141801
"Kew-293259",0.22,141801
"Kew-293259",0.19,141802
"Kew-293259",0.29,142521
"Kew-293259",0.2,142522
"Kew-293259",0.16,142523
"Kew-293259",0.19,141806
"SLB-159390",0.33,143241
"Kew-293259",0.34,143241
"Kew-293259",0.19,143242
"Kew-293259",0.27,143961
"Kew-293259",0.2,143962
"Kew-293259",0.17,143243
"Kew-293259",0.16,143244
"Kew-293259",0.17,143963
"Kew-293259",0.26,143964
"Kew-293259",0.24,143965
"Kew-293259",0.16,143975
"SLB-159390",0.51,130309
"SLB-159390",1,131029
"Kew-308804",0.35,131029
"SLB-159390",0.38,131030
"SLB-159390",1,131750
"Kew-308804",0.17,131750
"SLB-159390",0.06,132470
"SLB-159390",0.07,131751
"Kew-293259",0.01,141837
"Kew-293259",0.01,143280
"Kew-293259",0.06,146714
"Kew-293259",0.37,144572
"Kew-293259",0.32,145292
"Kew-293259",0.82,144600
"Kew-293259",0.02,154678
"Kew-293259",0.03,155398
"Kew-293259",0.03,154679
"Kew-293259",0.03,154680
"Kew-293259",0.03,155399
"Kew-293259",0.79,144601
"Kew-293259",0.79,144602
"Kew-293259",0.79,144604
"Kew-293259",0.79,145323
"Kew-293259",0.79,145324
"Kew-293259",0.79,144605
"Kew-293259",0.79,145326
"Kew-293259",0.79,144607
"Kew-293259",0.79,144608
"Kew-293259",0.79,145327
"Kew-293259",0.77,144609
"Kew-293259",0.77,144610
"Kew-293259",0.61,146767
"Kew-293259",0.44,147486
"Kew-293259",0.45,147487
"Kew-293259",0.45,147488
"Kew-293259",0.45,148208
"Kew-293259",0.36,149644
"Kew-293259",0.3,149645
"Kew-293259",0.41,150364
"Kew-293259",0.31,150365
"Kew-293259",0.24,150368
"Kew-293259",0.24,151088
"Kew-293259",0.09,150370
"Kew-293259",0.09,151089
"Kew-293259",0.09,151090
"Kew-293259",0.56,144614
"Kew-293259",0.56,145334
"Kew-293259",0.56,144615
"Kew-293259",0.34,144616
"Kew-293259",0.41,144617
"SLB-159390",1,145339
"Kew-293259",0.67,145339
"SLB-159390",1,145340
"Kew-293259",0.47,146052
"SLB-159390",0.8,146059
"SLB-159390",0.28,146060
"SLB-159390",0.23,146780
"SLB-159390",1,148220
"Kew-293259",0.22,148220
"Kew-293259",0.07,148932
"Kew-293259",0.07,149651
"Kew-293259",0.07,149652
"SLB-159390",0.57,148939
"SLB-159390",1,148940
"Kew-308804",1,148940
"Kew-293259",0.22,148940
"SLB-159390",0.3,149659
"SLB-159390",1,149660
"Kew-308804",1,149660
"Kew-293259",0.22,149660
"Kew-293259",0.07,150371
"Kew-293259",0.07,150372
"Kew-293259",0.09,151091
"Kew-293259",0.07,151092
"SLB-159390",0.04,150379
"Kew-308804",0.07,150379
"SLB-159390",0.99,150380
"Kew-308804",0.86,150380
"SLB-159390",0.83,151099
"Kew-308804",0.84,151099
"SLB-159390",0.77,151100
"Kew-308804",0.78,151100
"Kew-293259",0.36,151804
"Kew-293259",0.36,152523
"Kew-293259",0.36,152524
"Kew-293259",0.3,151805
"Kew-293259",0.3,152525
"Kew-293259",0.3,152526
"Kew-293259",0.17,151807
"Kew-293259",0.17,151808
"Kew-293259",0.17,152527
"Kew-293259",0.17,152528
"Kew-293259",0.09,151809
"Kew-293259",0.09,151810
"Kew-293259",0.17,152529
"Kew-293259",0.09,152530
"Kew-293259",0.29,153243
"Kew-293259",0.1,153244
"Kew-293259",0.29,153963
"Kew-293259",0.28,153964
"Kew-293259",0.3,153245
"Kew-293259",0.3,153246
"Kew-293259",0.32,153965
"Kew-293259",0.3,153966
"Kew-293259",0.17,153247
"Kew-293259",0.17,153248
"Kew-293259",0.17,153967
"Kew-293259",0.17,153968
"Kew-293259",0.17,153249
"Kew-293259",0.17,153250
"Kew-293259",0.01,154684
"Kew-293259",0.02,154685
"Kew-293259",0.02,155405
"Kew-293259",0.12,154687
"Kew-293259",0.12,154688
"Kew-293259",0.06,155408
"Kew-293259",0.09,151811
"SLB-159390",0.17,151819
"Kew-308804",0.86,151819
"SLB-159390",0.1,151820
"Kew-308804",0.86,151820
"SLB-159390",1,145341
"Kew-293259",0.64,145341
"SLB-159390",1,145342
"Kew-293259",0.64,145342
"Kew-308090",0.11,145342
"SLB-159390",1,145343
"Kew-293259",0.42,145343
"Kew-308090",0.17,145343
"SLB-159390",1,145345
"Kew-308804",1,145345
"Kew-293259",0.64,145345
"SLB-159390",1,145346
"Kew-308804",1,145346
"Kew-293259",0.64,145346
"SLB-159390",0.14,144627
"SLB-159390",1,145347
"Kew-308804",1,145347
"Kew-293259",0.72,145347
"SLB-159390",0.7,146061
"Kew-308804",0.83,146061
"Kew-293259",0.47,146061
"SLB-159390",1,146062
"Kew-308804",1,146062
"Kew-293259",0.64,146062
"Kew-308090",0.87,146062
"SLB-159390",0.92,146781
"Kew-308804",1,146781
"Kew-293259",0.63,146781
"SLB-159390",1,146782
"Kew-308804",1,146782
"Kew-293259",0.64,146782
"SLB-159390",1,146063
"Kew-308804",1,146063
"Kew-293259",0.63,146063
"SLB-159390",0.97,146064
"Kew-308804",1,146064
"Kew-293259",0.63,146064
"SLB-159390",1,146783
"Kew-308804",1,146783
"Kew-293259",0.63,146783
"SLB-159390",1,146784
"Kew-308804",1,146784
"Kew-293259",0.63,146784
"SLB-159390",1,146065
"Kew-308804",1,146065
"Kew-293259",0.64,146065
"SLB-159390",1,146066
"Kew-308804",1,146066
"Kew-293259",0.64,146066
"Kew-308090",0.45,146066
"SLB-159390",1,146785
"Kew-308804",1,146785
"Kew-293259",0.64,146785
"SLB-159390",1,146786
"Kew-308804",1,146786
"Kew-293259",0.64,146786
"SLB-159390",1,146067
"Kew-308804",1,146067
"Kew-293259",0.72,146067
"Kew-308090",0.84,146067
"SLB-159390",1,146068
"Kew-308804",1,146068
"Kew-293259",0.72,146068
"SLB-159390",1,146787
"Kew-308804",1,146787
"Kew-293259",0.72,146787
"Kew-308090",0.84,146787
"SLB-159390",1,146788
"Kew-308804",1,146788
"Kew-293259",0.71,146788
"Kew-308090",0.83,146788
"SLB-159390",1,146069
"SLB-159390",0.43,146070
"SLB-159390",1,146789
"Kew-308804",1,146789
"Kew-293259",0.63,146789
"SLB-159390",1,146790
"Kew-308804",1,146790
"Kew-293259",0.63,146790
"SLB-159390",1,147501
"Kew-308804",1,147501
"Kew-293259",0.22,147501
"SLB-159390",1,147502
"Kew-308804",1,147502
"Kew-293259",0.22,147502
"Kew-308090",0.12,147502
"SLB-159390",1,148221
"Kew-308804",1,148221
"Kew-293259",0.22,148221
"SLB-159390",0.4,148222
"Kew-308804",1,148222
"Kew-293259",0.22,148222
"SLB-159390",1,147503
"Kew-308804",1,147503
"Kew-293259",0.63,147503
"Kew-308090",0.19,147503
"SLB-159390",1,147504
"Kew-308804",1,147504
"Kew-293259",0.63,147504
"SLB-159390",0.1,148223
"Kew-308804",1,148223
"Kew-293259",0.21,148223
"Kew-308090",0.06,148223
"SLB-159390",1,147505
"Kew-308804",1,147505
"Kew-293259",0.64,147505
"SLB-159390",1,147506
"Kew-308804",1,147506
"Kew-293259",0.64,147506
"SLB-159390",0.9,147509
"Kew-308804",1,147509
"Kew-293259",0.68,147509
"Kew-308090",0.14,147509
"SLB-159390",0.4,147510
"Kew-308804",1,147510
"Kew-293259",0.68,147510
"Kew-308090",0.66,147510
"SLB-159390",1,148941
"Kew-308804",1,148941
"Kew-293259",0.22,148941
"Kew-308090",0.41,148941
"SLB-159390",1,144632
"Kew-293259",0.63,144632
"SLB-159390",1,144633
"Kew-293259",0.57,144633
"Kew-308090",0.07,144633
"SLB-159390",0.71,144634
"SLB-159390",1,145354
"Kew-308804",1,145354
"Kew-293259",0.57,145354
"SLB-159390",0.14,145355
"SLB-159390",1,146071
"SLB-159390",1,146072
"Kew-293259",0.59,146072
"SLB-159390",1,146791
"Kew-308804",1,146791
"Kew-293259",0.59,146791
"SLB-159390",1,146792
"Kew-308804",1,146792
"Kew-293259",0.59,146792
"Kew-308090",0.4,146792
"SLB-159390",1,146073
"Kew-308804",1,146073
"Kew-293259",0.59,146073
"SLB-159390",1,146074
"Kew-308804",1,146074
"Kew-293259",0.59,146074
"Kew-308090",0.04,146074
"SLB-159390",1,146793
"Kew-308804",1,146793
"Kew-293259",0.59,146793
"Kew-308090",0.34,146793
"SLB-159390",0.35,146794
"Kew-293259",0.51,146794
"SLB-159390",1,146075
"Kew-293259",0.36,146075
"SLB-159390",1,146795
"Kew-293259",0.54,146795
"Kew-308090",0.05,146795
"SLB-159390",1,146796
"SLB-159390",0.29,146797
"SLB-159390",1,147511
"Kew-308804",1,147511
"Kew-293259",0.59,147511
"Kew-308090",0.46,147511
"SLB-159390",1,147512
"Kew-308804",1,147512
"Kew-293259",0.59,147512
"Kew-308090",0.46,147512
"SLB-159390",0.93,147513
"Kew-293259",0.59,147513
"Kew-308090",0.23,147513
"SLB-159390",1,147514
"Kew-308804",1,147514
"Kew-293259",0.59,147514
"Kew-308090",0.42,147514
"SLB-159390",0.12,148233
"Kew-293259",0.58,148233
"Kew-308090",0.1,148233
"SLB-159390",0.19,148234
"Kew-293259",0.4,148234
"SLB-159390",1,147515
"Kew-308804",1,147515
"Kew-293259",0.57,147515
"SLB-159390",1,147516
"Kew-293259",0.19,147516
"Kew-308090",0.04,147516
"SLB-159390",1,148235
"Kew-293259",0.57,148235
"Kew-308090",0.2,148235
"SLB-159390",1,148236
"SLB-159390",0.29,147517
"SLB-159390",1,148952
"Kew-308804",1,148952
"Kew-293259",0.54,148952
"Kew-308090",0.4,148952
"SLB-159390",1,149672
"Kew-308804",1,149672
"Kew-293259",0.4,149672
"Kew-308090",0.33,149672
"SLB-159390",0.43,148953
"Kew-293259",0.33,148953
"Kew-308090",0.02,148953
"Kew-293259",0.1,148954
"Kew-293259",0.14,149673
"Kew-293259",0.19,149674
"SLB-159390",1,148955
"Kew-293259",0.44,148955
"Kew-308090",0.38,148955
"SLB-159390",1,148956
"SLB-159390",1,149675
"Kew-308804",1,149675
"Kew-293259",0.44,149675
"Kew-308090",0.38,149675
"SLB-159390",1,149676
"SLB-159390",0.96,150392
"Kew-293259",0.21,150392
"Kew-308090",0.08,150392
"SLB-159390",1,151111
"Kew-308804",1,151111
"Kew-293259",0.21,151111
"Kew-308090",0.03,151111
"Kew-293259",0.09,151112
"Kew-293259",0.07,150394
"SLB-159390",0.05,150395
"Kew-293259",0.17,150395
"SLB-159390",0.29,150396
"SLB-159390",1,151832
"Kew-308804",1,151832
"Kew-293259",0.1,151832
"SLB-159390",0.99,152553
"Kew-308804",1,152553
"Kew-293259",0.09,152553
"SLB-159390",0.99,152554
"Kew-308804",1,152554
"Kew-293259",0.09,152554
"Kew-293259",0.03,151835
"SLB-159390",0.14,151836
"SLB-159390",1,152555
"Kew-308804",1,152555
"Kew-293259",0.1,152555
"Kew-308090",0.01,152555
"SLB-159390",0.82,152556
"SLB-159390",0.41,152560
"SLB-159390",0.88,153275
"Kew-308804",1,153275
"SLB-159390",0.88,153276
"Kew-308804",1,153276
"SLB-159390",0.82,153997
"Kew-308804",1,153997
"SLB-159390",0.82,153998
"Kew-308804",1,153998
"SLB-159390",0.13,153280
"SLB-159390",0.72,153999
"Kew-308804",1,153999
"SLB-159390",0.72,154000
"Kew-308804",1,154000
"SLB-159390",0.25,154719
"Kew-308804",0.59,154719
"SLB-159390",0.51,154720
"Kew-308804",1,154720
"SLB-159390",0.34,155440
"Kew-308804",0.8,155440
"Kew-293259",0.01,144643
"SLB-159390",0.6,145363
"Kew-293259",0.01,145363
"SLB-159390",0.05,144645
"SLB-159390",0.14,145365
"SLB-159390",0.36,144648
"SLB-159390",0.6,145368
"Kew-308804",1,145368
"SLB-159390",0.58,144649
"SLB-159390",0.58,144650
"SLB-159390",0.58,145369
"SLB-159390",0.14,146082
"SLB-159390",0.57,146801
"SLB-159390",1,146802
"Kew-293259",0.41,146802
"SLB-159390",1,146083
"Kew-293259",0.31,146083
"Kew-308090",0.17,146083
"Kew-293259",0.19,146084
"SLB-159390",1,146803
"Kew-293259",0.31,146803
"Kew-308090",0.17,146803
"Kew-293259",0.21,146804
"SLB-159390",0.76,146085
"Kew-308804",1,146085
"SLB-159390",0.47,146086
"SLB-159390",0.69,146805
"Kew-308804",1,146805
"SLB-159390",0.76,146806
"Kew-308804",1,146806
"SLB-159390",0.47,146089
"SLB-159390",0.47,146809
"Kew-308804",1,146809
"SLB-159390",1,147523
"Kew-293259",0.57,147523
"Kew-308090",0.51,147523
"SLB-159390",1,147524
"Kew-308804",1,147524
"Kew-293259",0.57,147524
"Kew-308090",0.45,147524
"SLB-159390",1,148243
"Kew-293259",0.74,148243
"Kew-308090",0.5,148243
"SLB-159390",1,148244
"Kew-308804",1,148244
"Kew-293259",0.57,148244
"Kew-308090",0.51,148244
"SLB-159390",0.16,147525
"Kew-308804",1,147525
"SLB-159390",0.08,148245
"Kew-308804",1,148245
"SLB-159390",0.38,147527
"Kew-308804",1,147527
"SLB-159390",0.23,147528
"SLB-159390",0.38,148247
"Kew-308804",1,148247
"SLB-159390",0.38,148248
"Kew-308804",0.99,148248
"SLB-159390",0.38,147529
"SLB-159390",0.14,149682
"SLB-159390",0.57,148963
"Kew-293259",0.47,148963
"SLB-159390",1,148964
"Kew-308804",1,148964
"Kew-293259",0.8,148964
"Kew-308090",0.6,148964
"SLB-159390",1,149683
"Kew-293259",0.8,149683
"SLB-159390",0.9,149684
"Kew-308804",1,149684
"Kew-293259",0.8,149684
"Kew-308090",0.6,149684
"SLB-159390",0.35,148968
"Kew-308804",1,148968
"SLB-159390",0.35,149688
"Kew-308804",1,149688
"SLB-159390",0.32,148969
"Kew-308804",1,148969
"SLB-159390",0.32,149689
"SLB-159390",0.32,149690
"Kew-308804",1,149690
"SLB-159390",1,150404
"Kew-308804",1,150404
"Kew-293259",0.49,150404
"Kew-308090",0.32,150404
"SLB-159390",1,151123
"SLB-159390",1,151124
"Kew-308804",1,151124
"Kew-293259",0.49,151124
"Kew-308090",0.32,151124
"SLB-159390",0.38,150408
"Kew-308804",1,150408
"SLB-159390",0.28,150409
"Kew-308804",1,150409
"SLB-159390",0.28,150410
"Kew-308804",1,150410
"SLB-159390",0.28,151130
"Kew-308804",1,151130
"SLB-159390",0.62,144651
"SLB-159390",0.62,144652
"SLB-159390",0.69,144656
"Kew-308804",1,144656
"SLB-159390",0.73,144657
"Kew-308804",1,144657
"SLB-159390",0.73,144658
"Kew-308804",1,144658
"SLB-159390",0.45,144659
"SLB-159390",0.29,145380
"SLB-159390",0.19,149694
"SLB-159390",0.28,150411
"Kew-308804",1,150411
"SLB-159390",0.11,150412
"SLB-159390",0.28,151131
"Kew-308804",1,151131
"SLB-159390",0.27,151132
"SLB-159390",0.54,151841
"SLB-159390",0.95,152561
"Kew-293259",0.11,152561
"SLB-159390",0.95,152562
"Kew-293259",0.11,152562
"SLB-159390",0.6,151843
"Kew-308804",0.78,151843
"Kew-293259",0.03,151843
"SLB-159390",0.92,151844
"Kew-308804",1,151844
"Kew-293259",0.04,151844
"SLB-159390",0.92,152563
"Kew-308804",1,152563
"Kew-293259",0.04,152563
"SLB-159390",0.69,153281
"SLB-159390",0.53,153282
"SLB-159390",0.69,154001
"SLB-159390",0.21,154002
"SLB-159390",0.72,153283
"Kew-308804",1,153283
"SLB-159390",0.72,154003
"Kew-308804",1,154003
"SLB-159390",0.23,154721
"SLB-159390",0.11,155441
"Kew-308804",0.3,155441
"SLB-159390",0.19,151851
"Kew-308804",1,151851
"SLB-159390",0.19,151852
"Kew-308804",1,151852
"SLB-159390",0.18,152571
"SLB-159390",0.19,152572
"Kew-308804",1,152572
"SLB-159390",0.11,153291
"Kew-308804",1,153291
"SLB-159390",0.11,153292
"Kew-308804",1,153292
"SLB-159390",0.05,154012
"SLB-159390",0.01,153293
"SLB-159390",0.08,154013
"Kew-308804",1,154013
"SLB-159390",0.01,154014
"SLB-159390",0.01,153296
"SLB-159390",0.07,153297
"Kew-308804",0.92,157614
"Kew-308804",0.91,157615
"SLB-159390",0.4,144662
"SLB-159390",0.45,145381
"SLB-159390",0.55,145382
"SLB-159390",0.67,144663
"SLB-159390",0.99,145383
"Kew-308090",0.01,145383
"SLB-159390",0.99,145384
"Kew-308090",0.01,145384
"SLB-159390",1,145385
"Kew-308804",1,145385
"Kew-293259",0.05,145385
"Kew-308090",0.09,145385
"Kew-293259",0.04,145386
"Kew-293259",0.08,145387
"SLB-159390",0.88,146103
"Kew-308804",1,146103
"SLB-159390",0.88,146104
"Kew-308804",1,146104
"SLB-159390",1,146105
"Kew-308804",1,146105
"Kew-293259",0.01,146105
"Kew-308090",0.01,146105
"SLB-159390",0.65,146106
"Kew-293259",0.01,146106
"SLB-159390",0.9,146826
"Kew-293259",0.01,146826
"SLB-159390",0.49,146107
"Kew-293259",0.06,146107
"Kew-308090",0.01,146107
"SLB-159390",0.16,146108
"Kew-293259",0.05,146108
"SLB-159390",1,146827
"Kew-308804",1,146827
"Kew-293259",0.06,146827
"Kew-308090",0.09,146827
"SLB-159390",1,146828
"Kew-293259",0.06,146828
"Kew-308090",0.07,146828
"Kew-293259",0.08,146109
"Kew-293259",0.09,146829
"Kew-293259",0.13,145392
"Kew-293259",0.12,146120
"Kew-293259",0.16,144683
"Kew-293259",0.3,144684
"Kew-293259",0.12,145404
"Kew-293259",0.25,144685
"Kew-293259",0.13,145405
"Kew-293259",0.23,145406
"Kew-293259",0.12,146121
"Kew-293259",0.11,146841
"Kew-293259",0.1,146842
"SLB-159390",0.24,147561
"Kew-293259",0.16,147561
"SLB-159390",0.08,148281
"Kew-293259",0.15,148281
"Kew-293259",0.08,148282
"Kew-293259",0.22,144692
"Kew-293259",0.16,145412
"Kew-293259",0.26,144693
"Kew-293259",0.14,145413
"Kew-293259",0.1,146133
"Kew-293259",0.1,146134
"Kew-293259",0.1,146854
"Kew-293259",0.07,146855
"Kew-293259",0.05,147578
"Kew-293259",0.04,149014
"Kew-293259",0.04,149015
"Kew-293259",0.04,149735
"Kew-293259",0.04,149736
"Kew-293259",0.03,151174
"Kew-293259",0.03,150455
"Kew-293259",0.02,150456
"Kew-293259",0.03,151175
"Kew-293259",0.03,150457
"Kew-293259",0.02,151177
"Kew-293259",0.01,151894
"Kew-293259",0.01,151895
"Kew-293259",0.01,151896
"Kew-293259",0.01,151897
"Kew-293259",0.01,152617
"SLB-159390",0.11,154055
"SLB-159390",0.03,154056
"SLB-159390",0.03,154777
"Kew-293259",0.02,144720
"Kew-293259",0.02,145440
"Kew-293259",0.05,146152
"Kew-293259",0.05,146872
"Kew-293259",0.03,147595
"Kew-293259",0.03,148315
"SLB-159390",0.84,154076
"Kew-308804",1,154076
"SLB-159390",0.71,153357
"SLB-159390",0.81,153358
"Kew-308804",1,153358
"SLB-159390",0.81,154077
"Kew-308804",1,154077
"SLB-159390",0.63,154078
"SLB-159390",0.78,153359
"Kew-308804",1,153359
"SLB-159390",0.15,154079
"SLB-159390",0.21,154795
"SLB-159390",0.55,154796
"Kew-308804",1,154796
"SLB-159390",0.21,155515
"SLB-159390",0.05,155516
"SLB-159390",0.52,154797
"Kew-308804",1,154797
"SLB-159390",0.52,154798
"Kew-308804",0.92,154798
"SLB-159390",0.5,155517
"SLB-159390",0.52,155518
"Kew-308804",0.58,155518
"SLB-159390",0.04,154799
"SLB-159390",0.2,156236
"SLB-159390",0.05,156956
"SLB-159390",0.17,156237
"SLB-159390",0.16,156238
"SLB-159390",0.07,156957
"Kew-308804",0.66,160500
"Kew-308804",0.62,161220
"Kew-308804",0.56,161940
"Kew-308804",0.56,162660
"Kew-308804",0.75,159781
"Kew-308804",0.75,159782
"Kew-308804",0.64,160501
"Kew-308804",0.64,160502
"Kew-308804",0.64,161221
"Kew-308804",0.64,161222
"Kew-308804",0.66,161223
"Kew-308804",0.66,161224
"Kew-308804",0.69,161226
"Kew-308804",0.58,161941
"Kew-308804",0.58,161942
"Kew-308804",0.58,162661
"Kew-308804",0.55,162662
"Kew-308804",0.58,162664
"Kew-308804",0.61,161945
"Kew-308804",0.61,161946
"Kew-308804",0.52,163382
"Kew-308804",0.45,168427
"Kew-308804",0.41,169147
"Kew-308804",0.41,169148
"Kew-308804",0.41,169867
"Kew-308804",0.32,170587
"Kew-308804",0.32,170588
"Kew-308804",0.32,171308
"Kew-308804",0.28,172027
"Kew-308804",0.28,172028
"Kew-308804",0.29,172747
"Kew-308804",0.36,159809
"Kew-308804",0.56,160530
"Kew-308804",0.24,173467
"Kew-308804",0.02,174187
"Kew-308804",0.11,174906
"Kew-308804",0.11,175626
"Kew-308804",0.01,177064
"Kew-308804",0.05,176345
"Kew-308804",0.05,176346
"Kew-308804",0.05,177065
"Kew-308879",0.44,134936
"Kew-308879",0.48,134933
"Kew-288211",0.1,131323
"Kew-308879",0.64,131323
"SLB-159390",0.01,132764
"Kew-288211",0.22,132764
"Kew-308879",0.79,132764
"SLB-173431",0.01,132764
"SLB-159390",0.04,133483
"Kew-308879",0.37,132762
"SLB-159390",0.43,132761
"Kew-288211",0.94,132761
"Kew-308879",1,132761
"SLB-173431",0.6,132761
"SLB-159390",0.34,133482
"Kew-288211",0.42,133482
"Kew-308879",1,133482
"SLB-173431",0.47,133482
"Kew-308879",0.33,133481
"Kew-288211",0.22,134925
"Kew-308879",0.79,134925
"SLB-173431",0.01,134925
"Kew-288211",0.42,134204
"Kew-308879",0.78,134204
"Kew-288211",0.25,134203
"Kew-308879",0.67,134203
"Kew-308879",0.1,134924
"Kew-308879",0.49,134923
"Kew-288211",0.11,134202
"Kew-308879",0.59,134202
"SLB-159390",0.26,134201
"Kew-288211",0.74,134201
"Kew-308879",0.97,134201
"SLB-173431",0.36,134201
"Kew-308879",0.37,136370
"SLB-159390",0.24,136369
"Kew-288211",0.75,136369
"Kew-308879",0.93,136369
"SLB-173431",0.38,136369
"SLB-159390",0.61,136368
"Kew-288211",0.94,136368
"Kew-308879",0.89,136368
"SLB-173431",1,136368
"Kew-288211",0.32,136367
"Kew-308879",0.65,136367
"Kew-308879",0.48,135646
"Kew-308879",0.46,135645
"SLB-159390",0.16,136366
"Kew-288211",0.62,136366
"Kew-308879",0.82,136366
"SLB-173431",0.27,136366
"SLB-159390",0.2,136365
"Kew-288211",0.77,136365
"Kew-308879",0.99,136365
"SLB-173431",0.39,136365
"Kew-288211",0.31,135644
"Kew-308879",0.71,135644
"Kew-288211",0.14,137811
"Kew-308879",0.69,137811
"SLB-159390",0.14,138531
"Kew-288211",0.47,138531
"Kew-308879",0.67,138531
"SLB-173431",0.22,138531
"SLB-159390",0.41,139251
"Kew-288211",0.75,139251
"Kew-308879",0.75,139251
"SLB-173431",0.64,139251
"Kew-288211",0.19,139971
"Kew-308879",0.5,139971
"Kew-288211",0.23,140691
"Kew-308879",0.46,140691
"Kew-288211",0.17,141411
"Kew-308879",0.42,141411
"Kew-288211",0.18,142131
"Kew-308879",0.43,142131
"SLB-159390",0.12,137090
"Kew-288211",0.59,137090
"Kew-308879",0.84,137090
"SLB-173431",0.18,137090
"SLB-159390",0.04,137089
"Kew-288211",0.48,137089
"Kew-308879",0.77,137089
"SLB-173431",0.06,137089
"SLB-159390",0.27,137810
"Kew-288211",0.77,137810
"Kew-308879",0.99,137810
"SLB-173431",0.4,137810
"Kew-288211",0.38,137088
"Kew-308879",0.68,137088
"SLB-159390",0.16,137087
"Kew-288211",0.61,137087
"Kew-308879",0.81,137087
"SLB-173431",0.25,137087
"SLB-159390",0.1,138530
"Kew-288211",0.46,138530
"Kew-308879",0.66,138530
"SLB-173431",0.2,138530
"SLB-159390",0.4,142130
"Kew-288211",0.58,142130
"Kew-308879",0.6,142130
"SLB-173431",0.67,142130
"SLB-159390",0.24,142850
"Kew-288211",0.25,142850
"Kew-308879",0.38,142850
"SLB-173431",0.32,142850
"Kew-288211",0.13,142849
"Kew-308879",0.3,142849
"Kew-288211",0.04,143570
"Kew-308879",0.26,143570
"SLB-159390",0.46,143569
"Kew-288211",0.56,143569
"Kew-308879",0.59,143569
"SLB-173431",0.83,143569
"SLB-159390",0.12,130593
"Kew-308879",0.02,129872
"SLB-159390",0.06,129871
"Kew-308879",0.04,129871
"SLB-173431",0.02,129871
"SLB-159390",0.23,132035
"SLB-173431",0.13,132035
"Kew-308879",0.25,132034
"Kew-308879",0.11,132033
"SLB-159390",0.58,131312
"SLB-173431",0.15,131312
"SLB-159390",0.41,131311
"Kew-308804",0.18,131311
"SLB-159390",0.59,132032
"Kew-308804",0.23,132032
"SLB-173431",0.1,132032
"SLB-159390",0.49,132031
"Kew-308804",0.22,132031
"SLB-173431",0.01,132031
"SLB-159390",0.32,132760
"Kew-288211",0.4,132760
"Kew-308879",1,132760
"SLB-173431",0.44,132760
"Kew-308879",0.48,132759
"SLB-159390",0.24,133480
"Kew-288211",0.71,133480
"Kew-308879",0.95,133480
"SLB-173431",0.32,133480
"SLB-159390",0.58,133479
"Kew-288211",1,133479
"Kew-308879",1,133479
"SLB-173431",0.8,133479
"Kew-288211",0.21,132758
"Kew-308879",0.77,132758
"SLB-159390",0.04,132757
"Kew-288211",0.24,132757
"Kew-308879",0.81,132757
"SLB-173431",0.05,132757
"SLB-159390",0.6,133478
"Kew-288211",1,133478
"Kew-308879",1,133478
"SLB-173431",0.79,133478
"SLB-159390",0.75,133477
"Kew-308804",0.69,133477
"Kew-288211",1,133477
"Kew-308879",1,133477
"SLB-173431",1,133477
"Kew-308879",0.43,132756
"Kew-308879",0.51,132755
"SLB-159390",0.76,133476
"Kew-308804",0.67,133476
"Kew-288211",1,133476
"Kew-308879",1,133476
"SLB-173431",1,133476
"SLB-159390",0.76,133475
"Kew-308804",0.67,133475
"Kew-288211",1,133475
"Kew-308879",1,133475
"SLB-173431",1,133475
"SLB-159390",0.3,132754
"Kew-288211",0.78,132754
"Kew-308879",0.99,132754
"SLB-173431",0.41,132754
"SLB-159390",0.73,132753
"Kew-308804",0.54,132753
"Kew-288211",1,132753
"Kew-308879",1,132753
"SLB-173431",1,132753
"SLB-159390",0.07,133474
"Kew-308804",0.54,133474
"Kew-288211",1,133474
"Kew-308879",1,133474
"SLB-173431",1,133474
"SLB-159390",0.29,133473
"Kew-308804",0.54,133473
"Kew-288211",1,133473
"Kew-308879",1,133473
"SLB-173431",1,133473
"SLB-159390",0.61,132752
"Kew-308804",0.23,132752
"SLB-173431",0.12,132752
"SLB-159390",0.13,132751
"Kew-308804",0.23,132751
"SLB-173431",0.16,132751
"SLB-159390",0.63,133472
"Kew-308804",0.23,133472
"SLB-173431",0.16,133472
"SLB-159390",0.63,133471
"Kew-308804",0.23,133471
"SLB-173431",0.16,133471
"SLB-159390",0.11,134191
"Kew-308804",0.23,134191
"SLB-173431",0.16,134191
"SLB-159390",0.33,129870
"SLB-159390",0.46,129869
"SLB-159390",0.15,130590
"SLB-159390",0.46,130589
"SLB-159390",0.54,129868
"SLB-159390",0.5,129867
"SLB-159390",0.5,130588
"SLB-159390",0.24,131310
"SLB-159390",0.22,131309
"SLB-159390",0.68,132030
"Kew-308804",0.23,132030
"SLB-173431",0.16,132030
"SLB-159390",0.08,131308
"Kew-308804",0.03,132681
"Kew-308804",0.88,129800
"Kew-308804",0.64,130520
"Kew-308804",0.88,130519
"Kew-308804",0.57,131239
"Kew-308804",0.57,131959
"Kew-308804",0.5,131238
"Kew-308804",0.17,132680
"Kew-308804",0.3,132679
"Kew-308804",0.18,133400
"Kew-308804",0.21,134120
"Kew-308804",0.49,130501
"Kew-308804",0.36,131221
"Kew-308804",0.46,129779
"Kew-308804",0.37,130500
"Kew-308804",0.46,130499
"Kew-308804",0.42,129778
"Kew-308804",0.42,129777
"Kew-308804",0.42,130498
"Kew-308804",0.42,131220
"Kew-288211",0.23,144289
"Kew-308879",0.45,144289
"SLB-159390",0.39,144288
"Kew-308804",0.4,144288
"Kew-288211",0.56,144288
"Kew-308879",0.59,144288
"SLB-173431",0.92,144288
"SLB-159390",0.05,145008
"Kew-288211",0.3,145008
"Kew-308879",0.5,145008
"SLB-173431",0.11,145008
"SLB-159390",0.41,145007
"Kew-308804",0.47,145007
"Kew-288211",0.88,145007
"Kew-308879",0.84,145007
"SLB-173431",1,145007
"SLB-159390",0.08,145006
"Kew-308804",0.47,145006
"Kew-288211",0.88,145006
"Kew-308879",0.84,145006
"SLB-173431",1,145006
"SLB-159390",0.39,145727
"Kew-288211",0.44,145727
"Kew-308879",0.84,145727
"SLB-173431",1,145727
"SLB-159390",0.36,145726
"Kew-308804",0.47,145726
"Kew-288211",0.88,145726
"Kew-308879",0.84,145726
"SLB-173431",1,145726
"SLB-159390",0.36,146446
"Kew-308804",0.47,146446
"Kew-288211",0.88,146446
"Kew-308879",0.84,146446
"SLB-173431",1,146446
"SLB-159390",0.34,146445
"Kew-308804",0.39,146445
"Kew-288211",0.52,146445
"Kew-308879",0.56,146445
"SLB-173431",0.88,146445
"SLB-159390",0.35,147165
"Kew-308804",0.39,147165
"Kew-288211",0.52,147165
"Kew-308879",0.56,147165
"SLB-173431",0.88,147165
"Kew-288211",0.18,147885
"Kew-308879",0.4,147885
"SLB-159390",0.27,147884
"Kew-288211",0.52,147884
"Kew-308879",0.56,147884
"SLB-173431",0.7,147884
"SLB-159390",0.3,147883
"Kew-308804",0.25,147883
"Kew-308879",0.05,147883
"SLB-173431",0.24,147883
"SLB-159390",0.29,148603
"Kew-308804",0.25,148603
"Kew-308879",0.05,148603
"SLB-173431",0.24,148603
"SLB-159390",0.16,149323
"Kew-308879",0.05,149323
"SLB-173431",0.13,149323
"SLB-159390",0.02,149322
"Kew-308804",0.25,149322
"Kew-308879",0.05,149322
"SLB-173431",0.24,149322
"SLB-159390",0.01,150043
"SLB-159390",0.02,150763
"SLB-159390",0.03,150042
"Kew-308804",0.19,150042
"SLB-159390",0.14,150762
"Kew-308804",0.19,150762
"SLB-159390",0.01,151483
"SLB-159390",0.16,152203
"Kew-308804",0.15,152203
"SLB-159390",0.01,151482
"Kew-308804",0.15,151482
"SLB-159390",0.02,153643
"SLB-173431",0.04,153643
"Kew-308804",0.21,152922
"SLB-173431",0.06,152922
"Kew-308804",0.21,153642
"SLB-173431",0.06,153642
"Kew-308804",0.16,155082
"Kew-308804",0.09,155802
"Kew-308804",0.09,155801
"Kew-308804",0.16,156521
"Kew-308804",0.16,157241
"Kew-308804",0.16,157961
"Kew-308804",0.15,157960
"Kew-293259",0.01,144722
"Kew-293259",0.01,145441
"Kew-293259",0.01,146162
"Kew-293259",0.01,146161
"Kew-293259",0.01,146882
"Kew-293259",0.01,146881
"Kew-293259",0.01,147602
"SLB-159390",0.05,155524
"SLB-159390",0.03,156244
"Kew-308804",0.15,158680
"Kew-308804",0.15,159400
"Kew-308804",0.23,159399
"Kew-308804",0.23,160119
"Kew-308804",0.23,160839
"Kew-308804",0.22,160118
"Kew-308804",0.22,160838
"Kew-308804",0.19,161558
"Kew-308804",0.19,161557
"Kew-308804",0.25,162277
"Kew-308804",0.29,162276
"Kew-308804",0.29,162275
"Kew-308804",0.32,162274
"Kew-308804",0.28,162273
"Kew-308804",0.28,162272
"Kew-308804",0.31,162994
"Kew-308804",0.31,162993
"Kew-308804",0.27,162992
"Kew-308804",0.27,162991
"Kew-308804",0.22,163711
"Kew-308804",0.25,162990
"Kew-308804",0.25,163710
"Kew-308804",0.25,163709
"Kew-308804",0.24,163708
"Kew-308804",0.27,164429
"Kew-308804",0.23,164428
"Kew-308804",0.23,164427
"Kew-308804",0.29,164426
"Kew-308804",0.29,165146
"Kew-308804",0.29,165145
"Kew-308804",0.28,165865
"Kew-308804",0.21,165864
"Kew-308804",0.21,165863
"Kew-308804",0.21,166584
"Kew-308804",0.21,166583
"Kew-308804",0.2,167304
"Kew-308804",0.2,167303
"Kew-308804",0.2,168023
"Kew-308804",0.16,168744
"Kew-308804",0.16,168743
"Kew-308804",0.14,169464
"Kew-308804",0.17,169463
"Kew-308804",0.12,170183
"Kew-308804",0.13,170903
"Kew-308804",0.1,170902
"Kew-308804",0.05,171622
"Kew-308804",0.05,171621
"Kew-308804",0.09,172341
"Kew-308804",0.01,172340
"SLB-159390",0.07,129151
"Kew-288211",0.22,129151
"Kew-308879",0.7,129151
"SLB-173431",0.1,129151
"SLB-159390",0.05,129150
"Kew-288211",0.48,129150
"Kew-308879",0.81,129150
"SLB-173431",0.06,129150
"SLB-159390",0.46,129149
"Kew-288211",0.89,129149
"Kew-308879",1,129149
"SLB-173431",0.54,129149
"SLB-159390",0.84,128429
"Kew-288211",0.5,128429
"Kew-308879",1,128429
"SLB-173431",1,128429
"SLB-159390",0.36,129148
"SLB-159390",1,129147
"SLB-159390",0.56,128428
"SLB-159390",1,128427
"SLB-159390",0.53,127708
"SLB-159390",0.9,127707
"SLB-159390",0.06,127706
"SLB-159390",0.01,127705
"SLB-159390",0.08,126986
"SLB-159390",0.08,126985
"SLB-159390",0.46,126265
"SLB-159390",0.2,125545
"SLB-159390",0.52,124823
"SLB-159390",0.52,124103
"Kew-308804",0.53,124103
"SLB-159390",0.94,123381
"SLB-159390",0.16,123380
"SLB-159390",0.69,122660
"SLB-159390",0.68,121939
"SLB-159390",0.52,121217
"SLB-159390",0.06,121216
"SLB-159390",0.34,121213
"Kew-308804",0.53,121213
"SLB-159390",0.6,121212
"Kew-308804",0.95,121212
"SLB-159390",0.38,121211
"Kew-308804",0.61,121211
"SLB-159390",0.51,120497
"SLB-159390",0.31,120496
"SLB-159390",0.9,120495
"SLB-159390",0.48,119776
"SLB-159390",0.7,119775
"SLB-159390",0.79,120494
"SLB-159390",0.64,120493
"SLB-159390",0.72,119774
"SLB-159390",0.79,119773
"SLB-159390",0.45,120492
"SLB-159390",0.28,120491
"Kew-308804",0.47,120491
"SLB-159390",0.72,119772
"SLB-159390",0.88,119053
"SLB-159390",0.83,119052
"SLB-159390",0.83,119051
"SLB-159390",0.1,121210
"Kew-308804",0.57,121210
"SLB-159390",0.33,121209
"Kew-308804",0.59,121209
"SLB-159390",0.49,121208
"Kew-308804",0.89,121208
"SLB-159390",0.63,121207
"Kew-308804",1,121207
"Kew-288211",0.28,121207
"Kew-308879",0.22,121207
"SLB-173431",0.09,121207
"SLB-159390",0.06,121206
"Kew-308804",1,121206
"Kew-288211",0.29,121206
"Kew-308879",0.23,121206
"SLB-173431",0.09,121206
"SLB-159390",0.38,120490
"Kew-308804",0.71,120490
"SLB-159390",0.38,120489
"Kew-308804",0.7,120489
"SLB-159390",0.65,119770
"SLB-159390",0.65,119769
"SLB-159390",0.36,120488
"SLB-159390",0.46,120487
"Kew-308804",0.9,120487
"SLB-159390",0.17,119767
"SLB-159390",0.54,120486
"Kew-308804",0.99,120486
"Kew-288211",0.11,120486
"Kew-308879",0.08,120486
"SLB-173431",0.03,120486
"SLB-159390",0.57,120485
"Kew-308804",1,120485
"Kew-288211",0.24,120485
"Kew-308879",0.18,120485
"SLB-173431",0.13,120485
"SLB-159390",0.64,119766
"Kew-308804",1,119766
"Kew-288211",0.46,119766
"Kew-308879",0.35,119766
"SLB-173431",0.26,119766
"SLB-159390",0.21,119765
"Kew-308804",0.4,119765
"SLB-159390",0.02,120483
"Kew-308804",0.44,120483
"SLB-159390",0.59,119764
"Kew-308804",1,119764
"Kew-288211",0.22,119764
"Kew-308879",0.16,119764
"SLB-173431",0.12,119764
"SLB-159390",0.65,119048
"SLB-159390",0.75,118327
"SLB-159390",0.72,119046
"Kew-288211",0.33,119046
"Kew-308879",0.74,119046
"SLB-173431",0.28,119046
"SLB-159390",0.78,119045
"Kew-288211",0.66,119045
"Kew-308879",0.56,119045
"SLB-173431",0.3,119045
"SLB-159390",0.7,118326
"Kew-308879",0.18,118326
"SLB-173431",0.23,118326
"SLB-159390",0.78,118325
"Kew-288211",0.66,118325
"Kew-308879",0.74,118325
"SLB-173431",0.3,118325
"SLB-159390",0.69,119044
"Kew-308804",1,119044
"Kew-288211",0.17,119044
"Kew-308879",0.13,119044
"SLB-173431",0.1,119044
"SLB-159390",0.81,118324
"SLB-159390",0.12,118322
"Kew-308804",0.8,118322
"SLB-159390",0.95,117604
"SLB-159390",0.31,117602
"Kew-308804",0.4,117602
"SLB-159390",0.98,116162
"SLB-159390",0.98,116161
"SLB-159390",0.56,115441
"SLB-159390",0.1,115440
"SLB-159390",0.08,115437
"Kew-308804",0.15,115437
"Kew-308804",0.98,129081
"Kew-308804",0.74,128361
"Kew-308804",0.09,126924
"Kew-308804",0.43,126923
"Kew-308804",0.47,127641
"Kew-308804",0.37,126204
"Kew-308804",0.15,126203
"Kew-308804",0.29,125484
"Kew-308804",0.34,124765
"Kew-308804",0.94,124764
"Kew-308804",0.03,115416
"Kew-308804",0.07,121886
"Kew-308804",0.3,121166
"Kew-308804",0.43,120446
"Kew-308804",0.31,119726
"Kew-308804",0.42,119725
"SLB-159390",0.17,118287
"Kew-308804",0.21,118287
"Kew-308804",0.48,119005
"Kew-308804",0.48,119004
"Kew-308804",0.48,118284
"Kew-308804",0.61,118281
"SLB-159390",0.84,116848
"Kew-308804",0.91,116848
"Kew-288211",0.23,116848
"Kew-308879",0.15,116848
"SLB-173431",0.21,116848
"SLB-159390",0.86,117566
"Kew-308804",0.83,117566
"Kew-288211",0.29,117566
"Kew-308879",0.19,117566
"SLB-173431",0.36,117566
"Kew-308804",0.83,117565
"SLB-159390",1,116846
"Kew-308804",0.83,116846
"Kew-288211",1,116846
"Kew-308879",0.88,116846
"SLB-173431",1,116846
"SLB-159390",1,116845
"Kew-308804",0.83,116845
"Kew-288211",1,116845
"Kew-308879",1,116845
"SLB-173431",1,116845
"Kew-308804",0.83,117564
"Kew-308804",0.68,117563
"Kew-308804",0.83,116844
"Kew-308804",0.83,116843
"Kew-308804",0.61,117562
"Kew-308804",0.61,117561
"Kew-308804",0.46,116842
"Kew-308804",0.55,116841
"SLB-159390",1,116129
"Kew-308804",0.92,116129
"Kew-288211",0.66,116129
"Kew-308879",0.45,116129
"SLB-173431",0.61,116129
"SLB-159390",1,115409
"Kew-308804",0.92,115409
"Kew-288211",1,115409
"Kew-308879",1,115409
"SLB-173431",0.74,115409
"SLB-159390",0.87,116128
"Kew-308804",0.92,116128
"Kew-288211",0.31,116128
"Kew-308879",0.21,116128
"SLB-173431",0.29,116128
"SLB-159390",1,115408
"Kew-308879",0.5,115408
"SLB-173431",0.74,115408
"SLB-159390",1,116125
"Kew-308804",0.83,116125
"Kew-288211",1,116125
"Kew-308879",1,116125
"SLB-173431",1,116125
"SLB-159390",1,116124
"Kew-308804",0.83,116124
"Kew-288211",1,116124
"Kew-308879",1,116124
"SLB-173431",1,116124
"SLB-159390",0.68,116123
"Kew-308804",0.69,116123
"Kew-288211",1,116123
"Kew-308879",1,116123
"SLB-173431",1,116123
"SLB-159390",0.98,115404
"SLB-173431",0.29,115404
"SLB-159390",0.98,115403
"Kew-308804",0.69,115403
"Kew-288211",1,115403
"Kew-308879",1,115403
"SLB-173431",1,115403
"SLB-159390",0.98,116122
"Kew-308804",0.69,116122
"Kew-288211",1,116122
"Kew-308879",0.81,116122
"SLB-173431",1,116122
"SLB-159390",0.98,116121
"Kew-308804",0.69,116121
"Kew-288211",1,116121
"Kew-308879",1,116121
"SLB-173431",1,116121
"SLB-159390",0.98,115402
"Kew-308804",0.69,115402
"Kew-288211",1,115402
"Kew-308879",1,115402
"SLB-173431",1,115402
"SLB-159390",0.98,115401
"Kew-308804",0.69,115401
"Kew-288211",1,115401
"Kew-308879",1,115401
"SLB-173431",1,115401
"Kew-308804",0.93,129080
"Kew-308804",0.93,128360
"Kew-308804",0.71,119000
"Kew-308804",0.71,118999
"Kew-308804",0.71,118280
"Kew-308804",0.71,118279
"Kew-308804",0.79,118997
"Kew-308804",0.79,118278
"Kew-308804",0.79,118276
"Kew-308804",1,117560
"SLB-159390",1,116839
"Kew-308804",1,116839
"Kew-288211",0.74,116839
"Kew-308879",0.82,116839
"SLB-173431",0.38,116839
"Kew-308804",0.79,117557
"SLB-159390",1,116838
"Kew-308804",1,116838
"Kew-288211",0.74,116838
"Kew-308879",0.82,116838
"SLB-173431",0.38,116838
"SLB-159390",1,116837
"Kew-308804",1,116837
"Kew-288211",0.74,116837
"Kew-308879",0.82,116837
"SLB-173431",0.38,116837
"Kew-308804",0.79,117556
"Kew-308804",0.79,117555
"Kew-308804",1,116836
"Kew-308804",0.89,117554
"Kew-308804",1,116834
"Kew-308804",1,116833
"SLB-159390",1,116120
"Kew-308804",0.74,116120
"Kew-288211",1,116120
"Kew-308879",1,116120
"SLB-173431",1,116120
"SLB-159390",1,116119
"Kew-308804",1,116119
"Kew-288211",0.74,116119
"Kew-308879",0.82,116119
"SLB-173431",0.38,116119
"SLB-159390",1,116118
"Kew-308804",1,116118
"Kew-288211",0.74,116118
"Kew-308879",0.82,116118
"SLB-173431",0.38,116118
"SLB-159390",1,116117
"Kew-308804",1,116117
"Kew-288211",0.74,116117
"Kew-308879",0.82,116117
"SLB-173431",0.38,116117
"SLB-159390",1,116116
"Kew-308804",1,116116
"Kew-288211",0.73,116116
"Kew-308879",0.81,116116
"SLB-173431",0.37,116116
"SLB-159390",1,115396
"Kew-308804",0.77,115396
"Kew-288211",0.98,115396
"Kew-308879",0.99,115396
"SLB-173431",0.98,115396
"SLB-159390",1,115395
"Kew-308804",0.77,115395
"Kew-288211",0.98,115395
"Kew-308879",0.99,115395
"SLB-173431",0.98,115395
"Kew-308804",1,116113
"Kew-308804",1,116112
"Kew-308804",1,115392
"Kew-308804",1,115391
"Kew-308804",1,115390
"Kew-308804",1,115389
"Kew-308804",0.59,129058
"Kew-308804",0.59,129057
"SLB-159390",0.78,128888
"SLB-159390",0.66,128167
"SLB-159390",0.08,110402
"Kew-288211",0.17,110402
"Kew-308879",0.35,110402
"SLB-159390",0.13,110401
"Kew-288211",0.19,110401
"Kew-308879",0.36,110401
"SLB-159390",0.23,114715
"Kew-308804",0.49,114715
"SLB-159390",0.44,113996
"Kew-308804",0.89,113996
"SLB-159390",0.31,113995
"Kew-308804",0.63,113995
"SLB-159390",0.14,114713
"Kew-308804",1,114713
"Kew-288211",0.19,114713
"Kew-308879",0.15,114713
"SLB-173431",0.1,114713
"SLB-159390",0.3,113994
"Kew-308804",0.86,113994
"SLB-159390",0.41,113993
"Kew-308804",1,113993
"Kew-288211",0.62,113993
"Kew-308879",0.7,113993
"SLB-173431",0.26,113993
"SLB-159390",0.26,114712
"Kew-308804",0.74,114712
"Kew-288211",0.83,114712
"Kew-308879",0.56,114712
"SLB-173431",1,114712
"SLB-159390",0.26,114711
"Kew-308804",0.74,114711
"Kew-288211",0.85,114711
"Kew-308879",0.57,114711
"SLB-173431",1,114711
"SLB-159390",0.25,113992
"Kew-308804",0.74,113992
"Kew-288211",0.5,113992
"Kew-308879",0.34,113992
"SLB-173431",0.62,113992
"SLB-159390",0.88,113280
"Kew-308804",1,113280
"SLB-159390",0.82,113279
"Kew-308804",1,113279
"SLB-159390",0.81,112557
"SLB-159390",0.22,113275
"SLB-159390",0.55,113274
"Kew-308804",1,113274
"Kew-288211",0.62,113274
"Kew-308879",0.5,113274
"SLB-173431",0.26,113274
"SLB-159390",0.55,113273
"Kew-308804",1,113273
"Kew-288211",0.62,113273
"Kew-308879",0.7,113273
"SLB-173431",0.26,113273
"SLB-159390",0.44,113272
"Kew-308804",0.74,113272
"Kew-288211",0.73,113272
"Kew-308879",0.49,113272
"SLB-173431",0.91,113272
"SLB-159390",0.06,113271
"SLB-159390",0.44,112552
"Kew-308804",0.74,112552
"Kew-288211",0.69,112552
"Kew-308879",0.47,112552
"SLB-173431",0.87,112552
"SLB-159390",0.44,112551
"Kew-308804",0.74,112551
"Kew-288211",1,112551
"Kew-308879",1,112551
"SLB-173431",1,112551
"SLB-159390",0.88,111838
"Kew-308804",1,111838
"SLB-159390",0.88,111837
"Kew-308804",1,111837
"SLB-159390",0.88,111118
"Kew-308804",1,111118
"SLB-159390",0.45,109679
"Kew-288211",0.33,109679
"Kew-308879",0.46,109679
"SLB-173431",0.01,109679
"SLB-159390",0.9,110398
"Kew-308804",1,110398
"Kew-288211",0.48,110398
"Kew-308879",0.56,110398
"SLB-173431",0.12,110398
"SLB-159390",0.73,109678
"Kew-288211",0.48,109678
"Kew-308879",0.56,109678
"SLB-173431",0.1,109678
"SLB-159390",0.27,108959
"Kew-288211",0.52,108959
"Kew-308879",0.78,108959
"SLB-173431",0.12,108959
"SLB-159390",0.27,108239
"Kew-288211",0.52,108239
"Kew-308879",0.78,108239
"SLB-173431",0.12,108239
"SLB-159390",0.36,108238
"Kew-288211",0.62,108238
"Kew-308879",0.87,108238
"SLB-173431",0.18,108238
"SLB-159390",0.16,114710
"Kew-308804",0.54,114710
"Kew-288211",1,114710
"Kew-308879",1,114710
"SLB-173431",1,114710
"SLB-159390",0.05,114709
"Kew-308804",0.21,114709
"SLB-159390",0.16,113990
"Kew-308804",0.54,113990
"Kew-288211",1,113990
"Kew-308879",1,113990
"SLB-173431",1,113990
"SLB-159390",0.16,113989
"Kew-288211",1,113989
"Kew-308879",1,113989
"SLB-173431",1,113989
"SLB-159390",0.14,114708
"Kew-308804",0.45,114708
"Kew-288211",0.46,114708
"Kew-308879",0.31,114708
"SLB-173431",0.76,114708
"SLB-159390",0.15,113988
"Kew-308804",0.45,113988
"Kew-288211",0.76,113988
"Kew-308879",0.75,113988
"SLB-173431",1,113988
"SLB-159390",0.15,113987
"Kew-308804",0.45,113987
"Kew-288211",0.76,113987
"Kew-308879",0.75,113987
"SLB-173431",1,113987
"SLB-159390",0.18,113986
"Kew-308804",0.43,113986
"Kew-288211",0.7,113986
"Kew-308879",0.7,113986
"SLB-173431",1,113986
"SLB-159390",0.18,113985
"Kew-308804",0.43,113985
"Kew-288211",0.7,113985
"Kew-308879",0.7,113985
"SLB-173431",1,113985
"SLB-159390",0.38,113984
"Kew-308804",0.43,113984
"Kew-288211",0.7,113984
"Kew-308879",0.7,113984
"SLB-173431",1,113984
"SLB-159390",0.33,113270
"Kew-308804",0.54,113270
"Kew-288211",1,113270
"Kew-308879",1,113270
"SLB-173431",1,113270
"SLB-159390",0.31,112548
"Kew-308804",0.45,112548
"Kew-288211",0.76,112548
"Kew-308879",0.75,112548
"SLB-173431",1,112548
"SLB-159390",0.31,112547
"Kew-308804",0.45,112547
"Kew-288211",0.76,112547
"Kew-308879",0.75,112547
"SLB-173431",1,112547
"SLB-159390",0.49,113264
"Kew-308804",0.43,113264
"Kew-288211",0.7,113264
"Kew-308879",0.7,113264
"SLB-173431",1,113264
"SLB-159390",0.57,113263
"Kew-308804",0.65,113263
"Kew-288211",1,113263
"Kew-308879",1,113263
"SLB-173431",1,113263
"SLB-159390",0.36,113262
"Kew-308804",0.62,113262
"Kew-288211",1,113262
"Kew-308879",0.7,113262
"SLB-173431",1,113262
"SLB-159390",0.41,113261
"Kew-308804",0.62,113261
"Kew-288211",1,113261
"Kew-308879",0.81,113261
"SLB-173431",1,113261
"SLB-159390",0.52,112542
"Kew-308804",0.62,112542
"Kew-288211",1,112542
"Kew-308879",1,112542
"SLB-173431",1,112542
"SLB-159390",0.52,112541
"Kew-308804",0.62,112541
"Kew-288211",1,112541
"Kew-308879",1,112541
"SLB-173431",1,112541
"SLB-159390",0.6,111827
"Kew-308804",0.64,111827
"Kew-288211",1,111827
"Kew-308879",1,111827
"SLB-173431",1,111827
"SLB-159390",0.62,111826
"Kew-308804",0.23,111826
"Kew-288211",1,111826
"Kew-308879",1,111826
"SLB-173431",1,111826
"SLB-159390",0.61,111825
"Kew-288211",1,111825
"Kew-308879",1,111825
"SLB-173431",0.97,111825
"SLB-159390",0.5,111824
"Kew-288211",1,111824
"Kew-308879",1,111824
"SLB-173431",0.72,111824
"SLB-159390",0.32,111823
"Kew-288211",0.83,111823
"Kew-308879",1,111823
"SLB-173431",0.46,111823
"SLB-159390",0.39,111822
"Kew-288211",0.97,111822
"Kew-308879",1,111822
"SLB-173431",0.63,111822
"SLB-159390",0.61,111821
"Kew-308804",0.62,111821
"Kew-288211",1,111821
"Kew-308879",1,111821
"SLB-173431",1,111821
"SLB-159390",0.24,111101
"Kew-288211",0.76,111101
"Kew-308879",0.98,111101
"SLB-173431",0.38,111101
"SLB-159390",0.1,107518
"Kew-288211",0.52,107518
"Kew-308879",0.84,107518
"SLB-173431",0.07,107518
"Kew-288211",0.31,106798
"Kew-308879",0.72,106798
"SLB-159390",0.04,106797
"Kew-288211",0.46,106797
"Kew-308879",0.81,106797
"SLB-173431",0.03,106797
"SLB-159390",0.37,106793
"Kew-288211",0.77,106793
"Kew-308879",0.99,106793
"SLB-173431",0.29,106793
"Kew-288211",0.16,106079
"Kew-308879",0.62,106079
"SLB-159390",0.01,106078
"Kew-288211",0.43,106078
"Kew-308879",0.79,106078
"SLB-173431",0.01,106078
"Kew-288211",0.37,106077
"Kew-308879",0.75,106077
"Kew-288211",0.25,105358
"Kew-308879",0.67,105358
"Kew-288211",0.3,105356
"Kew-308879",0.7,105356
"Kew-288211",0.24,104637
"Kew-308879",0.67,104637
"Kew-288211",0.06,103917
"Kew-308879",0.56,103917
"Kew-308879",0.69,104636
"Kew-288211",0.35,104635
"Kew-308879",0.74,104635
"Kew-288211",0.18,103915
"Kew-308879",0.63,103915
"SLB-159390",0.44,104634
"Kew-308879",0.75,104634
"SLB-173431",0.57,104634
"SLB-159390",0.12,104633
"Kew-288211",0.23,103914
"Kew-308879",0.66,103914
"Kew-288211",0.41,103911
"Kew-308879",0.77,103911
"Kew-288211",0.1,103195
"Kew-308879",0.58,103195
"Kew-288211",0.33,103194
"Kew-308879",0.72,103194
"Kew-288211",0.16,103192
"Kew-308879",0.62,103192
"Kew-308879",0.51,103191
"Kew-288211",0.29,102472
"Kew-308879",0.7,102472
"Kew-288211",0.09,102471
"Kew-308879",0.58,102471
"SLB-159390",0.05,103909
"Kew-288211",0.48,103909
"Kew-308879",0.81,103909
"SLB-173431",0.04,103909
"SLB-159390",0.34,103908
"Kew-288211",0.7,103908
"Kew-308879",0.99,103908
"SLB-173431",0.22,103908
"SLB-159390",0.1,103907
"Kew-288211",0.48,103907
"Kew-308879",0.84,103907
"SLB-173431",0.06,103907
"SLB-159390",0.41,103906
"Kew-288211",0.83,103906
"Kew-308879",1,103906
"SLB-173431",0.31,103906
"Kew-308879",0.47,103190
"Kew-288211",0.42,103189
"Kew-308879",0.78,103189
"Kew-288211",0.05,102469
"Kew-308879",0.55,102469
"Kew-288211",0.43,103188
"Kew-308879",0.81,103188
"SLB-173431",0.02,103188
"Kew-288211",0.34,103187
"Kew-308879",0.75,103187
"Kew-288211",0.11,102468
"Kew-308879",0.59,102468
"Kew-288211",0.14,102467
"Kew-308879",0.61,102467
"SLB-159390",0.35,103186
"Kew-288211",0.81,103186
"Kew-308879",1,103186
"SLB-173431",0.29,103186
"Kew-288211",0.17,103185
"Kew-308879",0.62,103185
"Kew-288211",0.02,102466
"Kew-308879",0.54,102466
"Kew-288211",0.06,103184
"Kew-308879",0.56,103184
"Kew-288211",0.16,103183
"Kew-308879",0.62,103183
"Kew-308879",0.45,102464
"Kew-308879",0.49,102463
"Kew-288211",0.26,103182
"Kew-308879",0.68,103182
"SLB-159390",0.11,103181
"Kew-288211",0.54,103181
"Kew-308879",0.85,103181
"SLB-173431",0.13,103181
"Kew-308879",0.37,101743
"SLB-159390",0.07,101742
"Kew-288211",0.51,101742
"Kew-308879",0.83,101742
"SLB-173431",0.1,101742
"Kew-288211",0.16,101741
"Kew-308879",0.59,101741
"Kew-288211",0.02,101021
"Kew-308879",0.51,101021
"SLB-159390",0.03,113978
"Kew-308804",0.06,113978
"SLB-159390",0.93,113972
"Kew-308804",0.93,113972
"Kew-288211",1,113972
"Kew-308879",1,113972
"SLB-173431",0.7,113972
"SLB-159390",0.47,113971
"Kew-308804",0.93,113971
"Kew-288211",1,113971
"Kew-308879",0.99,113971
"SLB-173431",0.7,113971
"SLB-159390",0.28,113260
"Kew-308804",0.49,113260
"SLB-159390",0.21,113259
"Kew-308804",0.38,113259
"SLB-159390",0.38,112540
"Kew-308804",0.56,112540
"Kew-288211",1,112540
"Kew-308879",1,112540
"SLB-173431",1,112540
"SLB-159390",0.04,113258
"Kew-308804",0.1,113258
"SLB-159390",0.19,113257
"Kew-308804",0.45,113257
"SLB-159390",0.12,112538
"Kew-308804",0.29,112538
"SLB-159390",0.17,112537
"Kew-308804",0.42,112537
"SLB-159390",0.39,112536
"Kew-308804",0.58,112536
"Kew-288211",1,112536
"Kew-308879",1,112536
"SLB-173431",1,112536
"SLB-159390",0.39,112535
"Kew-308804",0.58,112535
"Kew-288211",1,112535
"Kew-308879",1,112535
"SLB-173431",1,112535
"SLB-159390",0.45,113254
"Kew-308804",0.68,113254
"Kew-288211",1,113254
"Kew-308879",1,113254
"SLB-173431",1,113254
"SLB-159390",0.46,113253
"Kew-308804",0.93,113253
"Kew-288211",0.91,113253
"Kew-308879",0.62,113253
"SLB-173431",0.7,113253
"SLB-159390",0.45,112534
"Kew-308879",0.5,112534
"SLB-173431",1,112534
"SLB-159390",0.35,113252
"Kew-308804",0.67,113252
"SLB-159390",0.29,113251
"Kew-308804",0.55,113251
"SLB-159390",0.48,111820
"Kew-308804",0.56,111820
"Kew-288211",1,111820
"Kew-308879",1,111820
"SLB-173431",1,111820
"SLB-159390",0.48,111819
"Kew-308804",0.51,111819
"Kew-288211",1,111819
"Kew-308879",1,111819
"SLB-173431",1,111819
"SLB-159390",0.48,111100
"Kew-308804",0.56,111100
"Kew-288211",1,111100
"Kew-308879",1,111100
"SLB-173431",1,111100
"SLB-159390",0.31,111099
"Kew-288211",0.49,111099
"Kew-308879",1,111099
"SLB-173431",0.65,111099
"SLB-159390",0.38,111818
"Kew-308804",0.56,111818
"Kew-288211",0.58,111818
"Kew-308879",0.39,111818
"SLB-173431",0.72,111818
"SLB-159390",0.3,111817
"Kew-308804",0.53,111817
"Kew-288211",0.04,111817
"Kew-308879",0.03,111817
"SLB-173431",0.05,111817
"SLB-159390",0.12,111098
"SLB-159390",0.41,111816
"Kew-308804",0.58,111816
"Kew-288211",1,111816
"Kew-308879",1,111816
"SLB-173431",1,111816
"SLB-159390",0.41,111815
"Kew-288211",0.5,111815
"Kew-308879",1,111815
"SLB-173431",1,111815
"SLB-159390",0.1,114690
"Kew-308804",0.82,114690
"Kew-288211",1,114690
"Kew-308879",1,114690
"SLB-173431",1,114690
"SLB-159390",1,114689
"Kew-308804",0.75,114689
"Kew-288211",1,114689
"Kew-308879",1,114689
"SLB-173431",1,114689
"SLB-159390",1,113970
"Kew-308804",0.82,113970
"Kew-288211",0.89,113970
"Kew-308879",0.61,113970
"SLB-173431",1,113970
"SLB-159390",0.43,113250
"Kew-288211",0.09,109641
"Kew-308879",0.58,109641
"Kew-288211",0.16,103898
"Kew-308879",0.62,103898
"Kew-288211",0.24,103897
"Kew-308879",0.67,103897
"Kew-288211",0.33,103180
"Kew-308879",0.72,103180
"Kew-288211",0.36,103179
"Kew-308879",0.74,103179
"Kew-288211",0.11,103178
"Kew-308879",0.59,103178
"Kew-288211",0.01,103177
"Kew-308879",0.53,103177
"Kew-288211",0.06,102457
"Kew-308879",0.56,102457
"Kew-288211",0.13,103176
"Kew-308879",0.6,103176
"Kew-288211",0.24,103175
"Kew-308879",0.67,103175
"Kew-288211",0.11,102456
"Kew-308879",0.59,102456
"SLB-159390",0.1,102455
"Kew-288211",0.52,102455
"Kew-308879",0.84,102455
"SLB-173431",0.1,102455
"Kew-288211",0.42,103174
"Kew-308879",0.77,103174
"Kew-288211",0.27,103173
"Kew-308879",0.69,103173
"Kew-308879",0.5,102454
"Kew-288211",0.01,102453
"Kew-308879",0.53,102453
"Kew-288211",0.07,103172
"Kew-308879",0.57,103172
"Kew-288211",0.01,103171
"Kew-308879",0.53,103171
"Kew-308879",0.51,102452
"Kew-288211",0.06,101020
"Kew-308879",0.48,101020
"Kew-288211",0.03,101019
"Kew-308879",0.45,101019
"Kew-308879",0.35,101018
"Kew-288211",0.09,101017
"Kew-308879",0.46,101017
"Kew-288211",0.15,101735
"Kew-308879",0.51,101735
"Kew-288211",0.34,101016
"Kew-308879",0.62,101016
"Kew-288211",0.19,101015
"Kew-308879",0.53,101015
"Kew-308879",0.35,101014
"Kew-308879",0.39,101011
"Kew-288211",0.37,106763
"Kew-308879",0.75,106763
"Kew-288211",0.14,106761
"Kew-308879",0.61,106761
"Kew-288211",0.17,105324
"Kew-308879",0.63,105324
"Kew-288211",0.07,103888
"Kew-308879",0.56,103888
"SLB-159390",0.14,103887
"Kew-288211",0.55,103887
"Kew-308879",0.86,103887
"SLB-173431",0.14,103887
"SLB-159390",0.2,103886
"Kew-288211",0.6,103886
"Kew-308879",0.89,103886
"SLB-173431",0.2,103886
"SLB-159390",0.09,103885
"Kew-288211",0.51,103885
"Kew-308879",0.83,103885
"SLB-173431",0.1,103885
"Kew-308879",0.18,104604
"SLB-159390",0.35,104603
"Kew-288211",0.73,104603
"Kew-308879",0.97,104603
"SLB-173431",0.35,104603
"Kew-308879",0.51,103168
"Kew-288211",0.1,103167
"Kew-308879",0.58,103167
"Kew-288211",0.17,103166
"Kew-308879",0.62,103166
"Kew-288211",0.26,103165
"Kew-308879",0.68,103165
"Kew-308879",0.39,102446
"Kew-308879",0.39,102445
"Kew-288211",0.04,103164
"Kew-308879",0.55,103164
"Kew-308879",0.41,102444
"Kew-308879",0.38,101010
"Kew-308879",0.38,101009
"Kew-308879",0.34,101008
"Kew-308879",0.37,101007
"Kew-308879",0.36,101006
"Kew-308879",0.41,101005
"Kew-308879",0.41,101001
"SLB-159390",0.54,114675
"Kew-288211",0.89,114675
"Kew-308879",1,114675
"SLB-173431",0.53,114675
"SLB-159390",1,114674
"Kew-308804",0.77,114674
"Kew-288211",1,114674
"Kew-308879",1,114674
"SLB-173431",1,114674
"SLB-159390",0.46,113954
"Kew-288211",0.82,113954
"Kew-308879",1,113954
"SLB-173431",0.45,113954
"SLB-159390",1,113953
"Kew-308804",0.77,113953
"Kew-288211",1,113953
"Kew-308879",0.93,113953
"SLB-173431",1,113953
"SLB-159390",0.31,113234
"Kew-308879",0.95,113234
"SLB-173431",0.32,113234
"SLB-159390",0.96,113233
"Kew-308804",0.65,113233
"Kew-288211",1,113233
"Kew-308879",0.99,113233
"SLB-173431",1,113233
"SLB-159390",0.48,112514
"Kew-288211",0.85,112514
"Kew-308879",1,112514
"SLB-173431",0.49,112514
"SLB-159390",0.96,112513
"Kew-308804",0.65,112513
"Kew-288211",1,112513
"Kew-308879",1,112513
"SLB-173431",1,112513
"Kew-288211",0.28,111798
"Kew-308879",0.69,111798
"Kew-288211",0.35,111797
"Kew-308879",0.73,111797
"Kew-288211",0.12,111077
"Kew-308879",0.59,111077
"Kew-288211",0.42,111795
"Kew-308879",0.77,111795
"Kew-308879",0.49,111076
"Kew-308879",0.05,111075
"SLB-159390",0.03,111794
"Kew-288211",0.45,111794
"Kew-308879",0.8,111794
"SLB-173431",0.03,111794
"SLB-159390",0.9,111793
"Kew-308804",0.56,111793
"Kew-288211",1,111793
"Kew-308879",1,111793
"SLB-173431",1,111793
"Kew-308879",0.33,111074
"SLB-159390",0.9,111073
"Kew-308804",0.56,111073
"Kew-288211",1,111073
"Kew-308879",1,111073
"SLB-173431",1,111073
"Kew-288211",0.08,109640
"Kew-308879",0.57,109640
"Kew-308879",0.49,110358
"Kew-288211",0.13,109638
"Kew-308879",0.6,109638
"Kew-288211",0.01,110356
"Kew-308879",0.53,110356
"Kew-308879",0.3,109636
"Kew-308879",0.18,109635
"Kew-308879",0.45,110354
"SLB-159390",0.92,110353
"Kew-308804",0.58,110353
"Kew-288211",1,110353
"Kew-308879",1,110353
"SLB-173431",1,110353
"Kew-288211",0.05,109634
"Kew-308879",0.55,109634
"SLB-159390",0.92,109633
"Kew-308804",0.58,109633
"Kew-288211",1,109633
"Kew-308879",1,109633
"SLB-173431",1,109633
"Kew-288211",0.4,108920
"Kew-308879",0.77,108920
"Kew-288211",0.05,108200
"Kew-308879",0.56,108200
"SLB-159390",0.26,108918
"Kew-288211",0.67,108918
"Kew-308879",0.93,108918
"SLB-173431",0.28,108918
"Kew-288211",0.04,108917
"Kew-308879",0.57,108917
"Kew-288211",0.07,108198
"Kew-308879",0.57,108198
"Kew-308879",0.21,108197
"Kew-308879",0.24,108916
"Kew-288211",0.28,108915
"Kew-308879",0.66,108915
"Kew-308879",0.26,108195
"Kew-288211",0.43,108914
"Kew-308879",0.74,108914
"SLB-159390",0.89,108194
"Kew-308804",0.54,108194
"Kew-288211",1,108194
"Kew-308879",1,108194
"SLB-173431",1,108194
"Kew-308804",1,114669
"Kew-308804",1,113228
"Kew-308804",1,112508
"Kew-308804",1,112507
"Kew-308804",1,111787
"Kew-308804",1,111786
"Kew-308804",1,111066
"Kew-308804",1,111065
"Kew-308804",1,110346
"Kew-308804",1,110345
"Kew-308804",1,110344
"Kew-308804",1,110343
"Kew-308804",1,110342
"Kew-308804",1,109622
"Kew-308804",1,109621
"Kew-308879",0.58,107479
"Kew-288211",0.08,106759
"Kew-308879",0.62,106759
"Kew-288211",0.1,107478
"Kew-308879",0.59,107478
"Kew-288211",0.35,107477
"Kew-308879",0.73,107477
"Kew-308879",0.09,106758
"Kew-308879",0.23,106757
"Kew-288211",0.09,107476
"Kew-308879",0.58,107476
"SLB-159390",0.11,107475
"Kew-288211",0.53,107475
"Kew-308879",0.84,107475
"SLB-173431",0.12,107475
"SLB-159390",0.23,106756
"Kew-288211",0.64,106756
"Kew-308879",0.91,106756
"SLB-173431",0.25,106756
"SLB-159390",0.07,106755
"Kew-288211",0.49,106755
"Kew-308879",0.82,106755
"SLB-173431",0.07,106755
"SLB-159390",0.89,107474
"Kew-308804",0.54,107474
"Kew-288211",1,107474
"Kew-308879",1,107474
"SLB-173431",1,107474
"SLB-159390",0.35,107473
"Kew-308804",0.54,107473
"Kew-288211",1,107473
"Kew-308879",1,107473
"SLB-173431",1,107473
"Kew-288211",0.12,106754
"Kew-308879",0.6,106754
"SLB-159390",0.16,106753
"Kew-288211",0.58,106753
"Kew-308879",0.87,106753
"SLB-173431",0.18,106753
"SLB-159390",0.64,107472
"Kew-288211",1,107472
"Kew-308879",1,107472
"SLB-173431",0.72,107472
"SLB-159390",0.48,106752
"Kew-288211",0.88,106752
"Kew-308879",1,106752
"SLB-173431",0.52,106752
"SLB-159390",0.07,106751
"Kew-288211",0.49,106751
"Kew-308879",0.82,106751
"SLB-173431",0.07,106751
"Kew-288211",0.17,106040
"Kew-308879",0.73,106040
"Kew-288211",0.09,106039
"Kew-308879",0.64,106039
"SLB-159390",0.39,105320
"Kew-288211",0.39,105320
"Kew-308879",1,105320
"SLB-173431",0.41,105320
"Kew-288211",0.21,105319
"Kew-308879",0.77,105319
"SLB-159390",0.04,106038
"Kew-288211",0.23,106038
"Kew-308879",0.81,106038
"SLB-173431",0.04,106038
"Kew-288211",0.43,106037
"Kew-308879",0.78,106037
"SLB-159390",0.29,105317
"Kew-288211",0.35,105317
"Kew-308879",0.95,105317
"SLB-173431",0.32,105317
"Kew-308879",0.39,106036
"Kew-308879",0.52,106035
"SLB-159390",0.18,105316
"SLB-159390",0.26,105315
"Kew-288211",0.33,105315
"Kew-308879",0.93,105315
"SLB-173431",0.28,105315
"Kew-288211",0.03,106034
"Kew-308879",0.54,106034
"SLB-159390",0.48,106033
"Kew-288211",0.44,106033
"Kew-308879",1,106033
"SLB-173431",0.52,106033
"SLB-159390",0.23,105314
"Kew-308879",0.68,105314
"SLB-173431",0.25,105314
"SLB-159390",0.91,106032
"SLB-173431",0.29,106032
"SLB-159390",0.91,106031
"Kew-288211",0.5,106031
"Kew-308879",1,106031
"SLB-173431",1,106031
"Kew-288211",0.24,104593
"Kew-308879",0.67,104593
"Kew-308879",0.41,101000
"Kew-308879",0.49,101718
"SLB-159390",0.62,106750
"Kew-288211",1,106750
"Kew-308879",1,106750
"SLB-173431",0.66,106750
"SLB-159390",0.93,106749
"Kew-308804",0.61,106749
"Kew-288211",1,106749
"Kew-308879",1,106749
"SLB-173431",1,106749
"SLB-159390",0.95,106748
"Kew-308804",0.64,106748
"Kew-288211",1,106748
"Kew-308879",1,106748
"SLB-173431",1,106748
"SLB-159390",0.95,106747
"Kew-308804",0.64,106747
"Kew-288211",1,106747
"Kew-308879",1,106747
"SLB-173431",1,106747
"SLB-159390",0.97,106746
"Kew-308804",0.67,106746
"Kew-288211",1,106746
"Kew-308879",1,106746
"SLB-173431",1,106746
"SLB-159390",0.97,106745
"Kew-308804",0.67,106745
"Kew-288211",1,106745
"Kew-308879",1,106745
"SLB-173431",1,106745
"SLB-159390",0.97,106744
"Kew-308804",0.67,106744
"Kew-288211",0.98,106744
"Kew-308879",0.99,106744
"SLB-173431",0.98,106744
"SLB-159390",0.97,106743
"Kew-308804",0.67,106743
"Kew-288211",0.98,106743
"Kew-308879",0.99,106743
"SLB-173431",0.98,106743
"SLB-159390",0.9,106030
"Kew-288211",0.5,106030
"Kew-308879",1,106030
"SLB-173431",0.96,106030
"SLB-159390",0.93,106029
"Kew-308804",0.61,106029
"Kew-288211",1,106029
"Kew-308879",1,106029
"SLB-173431",1,106029
"SLB-159390",0.4,105309
"Kew-288211",0.79,105309
"Kew-308879",1,105309
"SLB-173431",0.42,105309
"SLB-159390",0.95,106028
"Kew-308804",0.06,106028
"Kew-288211",1,106028
"Kew-308879",1,106028
"SLB-173431",1,106028
"SLB-159390",0.66,106027
"Kew-288211",1,106027
"Kew-308879",1,106027
"SLB-173431",0.69,106027
"SLB-159390",0.97,106025
"SLB-159390",0.97,105305
"Kew-308804",0.67,105305
"Kew-288211",1,105305
"Kew-308879",1,105305
"SLB-173431",1,105305
"SLB-159390",0.97,106024
"Kew-308804",0.67,106024
"Kew-288211",0.98,106024
"Kew-308879",0.99,106024
"SLB-173431",0.98,106024
"SLB-159390",0.97,106023
"Kew-308804",0.67,106023
"Kew-288211",0.98,106023
"Kew-308879",0.99,106023
"SLB-173431",0.98,106023
"SLB-159390",0.72,105304
"Kew-288211",0.98,105304
"Kew-308879",0.99,105304
"SLB-173431",0.73,105304
"Kew-288211",0.33,104586
"Kew-308879",0.72,104586
"SLB-159390",1,104585
"Kew-308804",0.73,104585
"Kew-288211",1,104585
"Kew-308879",1,104585
"SLB-173431",1,104585
"SLB-159390",1,103865
"Kew-308804",0.73,103865
"Kew-288211",1,103865
"Kew-308879",1,103865
"SLB-173431",1,103865
"SLB-159390",1,104584
"Kew-308804",0.73,104584
"Kew-288211",1,104584
"Kew-308879",1,104584
"SLB-173431",1,104584
"SLB-159390",1,103864
"Kew-308804",0.73,103864
"Kew-288211",1,103864
"Kew-308879",1,103864
"SLB-173431",1,103864
"Kew-288211",0.24,103146
"Kew-308879",0.67,103146
"SLB-159390",1,103145
"Kew-308804",0.78,103145
"Kew-288211",1,103145
"Kew-308879",1,103145
"SLB-173431",1,103145
"Kew-288211",0.3,102426
"Kew-308879",0.7,102426
"SLB-159390",1,102425
"Kew-308804",0.78,102425
"Kew-288211",1,102425
"Kew-308879",1,102425
"SLB-173431",1,102425
"SLB-159390",1,103144
"Kew-308804",0.78,103144
"Kew-288211",1,103144
"Kew-308879",1,103144
"SLB-173431",1,103144
"SLB-159390",1,102424
"Kew-308804",0.78,102424
"Kew-288211",1,102424
"Kew-308879",1,102424
"SLB-173431",1,102424
"Kew-288211",0.14,101706
"Kew-308879",0.61,101706
"SLB-159390",0.82,101705
"Kew-288211",1,101705
"Kew-308879",1,101705
"SLB-173431",0.9,101705
"Kew-288211",0.13,100986
"Kew-308879",0.6,100986
"SLB-159390",0.9,100985
"Kew-308804",0.81,100985
"Kew-288211",1,100985
"Kew-308879",1,100985
"SLB-173431",1,100985
"Kew-308804",0.94,109620
"Kew-308804",0.94,109619
"Kew-308804",0.93,109618
"Kew-308804",1,108898
"Kew-308804",1,108897
"Kew-308804",1,108896
"Kew-308804",1,108176
"Kew-308804",1,108175
"Kew-308804",1,107455
"Kew-308804",1,107454
"Kew-308804",1,106734
"Kew-308804",1,106733
"Kew-308804",1,106013
"Kew-308804",1,106012
"Kew-308804",1,106011
"SLB-159390",0.05,103137
"Kew-308804",0.52,103137
"Kew-288211",1,103137
"Kew-308879",0.9,103137
"SLB-173431",1,103137
"SLB-159390",0.52,102418
"Kew-308804",0.52,102418
"Kew-288211",0.9,102418
"Kew-308879",0.61,102418
"SLB-173431",1,102418
"SLB-159390",0.52,102417
"Kew-308804",0.52,102417
"Kew-288211",1,102417
"Kew-308879",1,102417
"SLB-173431",1,102417
"SLB-159390",0.13,103135
"Kew-308804",0.54,103135
"Kew-288211",1,103135
"Kew-308879",1,103135
"SLB-173431",1,103135
"SLB-159390",0.32,102416
"Kew-308804",0.54,102416
"Kew-288211",1,102416
"Kew-308879",1,102416
"SLB-173431",1,102416
"SLB-159390",0.28,102415
"Kew-308804",0.54,102415
"Kew-288211",0.32,102415
"Kew-308879",0.22,102415
"SLB-173431",0.4,102415
"SLB-159390",0.06,103134
"Kew-308804",0.55,103134
"Kew-288211",1,103134
"Kew-308879",1,103134
"SLB-173431",1,103134
"SLB-159390",0.16,103133
"Kew-308804",0.55,103133
"Kew-288211",1,103133
"Kew-308879",1,103133
"SLB-173431",1,103133
"SLB-159390",0.16,102414
"Kew-288211",1,102414
"Kew-308879",0.72,102414
"SLB-173431",1,102414
"SLB-159390",0.16,102413
"Kew-308804",0.55,102413
"Kew-288211",1,102413
"Kew-308879",1,102413
"SLB-173431",1,102413
"SLB-159390",0.04,103132
"Kew-308804",0.55,103132
"Kew-288211",0.78,103132
"Kew-308879",0.48,103132
"SLB-173431",0.98,103132
"SLB-159390",0.04,103131
"Kew-308804",0.55,103131
"Kew-288211",0.99,103131
"Kew-308879",0.91,103131
"SLB-173431",1,103131
"SLB-159390",0.04,102411
"Kew-308804",0.55,102411
"Kew-288211",0.99,102411
"Kew-308879",0.91,102411
"SLB-173431",1,102411
"SLB-159390",0.31,101699
"Kew-288211",1,101699
"Kew-308879",1,101699
"SLB-173431",0.98,101699
"SLB-159390",0.21,100980
"Kew-288211",0.99,100980
"Kew-308879",1,100980
"SLB-173431",0.66,100980
"SLB-159390",0.17,100979
"Kew-288211",0.88,100979
"Kew-308879",1,100979
"SLB-173431",0.52,100979
"SLB-159390",0.37,101698
"Kew-308804",0.52,101698
"Kew-288211",1,101698
"Kew-308879",1,101698
"SLB-173431",1,101698
"SLB-159390",0.37,101697
"Kew-308879",0.75,101697
"SLB-173431",1,101697
"SLB-159390",0.37,100978
"Kew-288211",1,100978
"Kew-308879",1,100978
"SLB-173431",1,100978
"SLB-159390",0.37,100977
"Kew-288211",0.5,100977
"Kew-308879",1,100977
"SLB-173431",1,100977
"SLB-159390",0.25,101696
"Kew-288211",1,101696
"Kew-308879",1,101696
"SLB-173431",1,101696
"SLB-159390",0.25,101695
"Kew-288211",1,101695
"Kew-308879",1,101695
"SLB-173431",1,101695
"SLB-159390",0.25,100976
"Kew-288211",0.5,100976
"Kew-308879",1,100976
"SLB-173431",1,100976
"Kew-308804",1,106729
"Kew-308804",1,106728
"Kew-308804",1,106727
"Kew-308804",1,106726
"Kew-308804",1,106725
"Kew-308804",1,106010
"Kew-308804",0.45,106005
"Kew-308804",0.99,106004
"Kew-308804",0.99,106003
"Kew-308804",0.99,105283
"Kew-308804",0.99,105282
"Kew-308804",0.99,105281
"Kew-308804",0.56,102410
"Kew-288211",0.92,102410
"Kew-308879",0.84,102410
"SLB-173431",1,102410
"Kew-308804",0.56,102409
"Kew-288211",0.92,102409
"Kew-308879",0.84,102409
"SLB-173431",1,102409
"Kew-308804",0.55,101689
"Kew-288211",0.88,101689
"Kew-308879",0.81,101689
"SLB-173431",0.97,101689
"Kew-308804",0.54,101688
"Kew-288211",0.78,101688
"Kew-308879",0.72,101688
"SLB-173431",0.86,101688
"Kew-308804",0.5,100968
"Kew-288211",0.78,100968
"Kew-308879",0.71,100968
"SLB-173431",0.86,100968
"Kew-308804",1,105280
"Kew-308804",1,104560
"Kew-308804",1,104559
"Kew-308804",1,104558
"Kew-308804",1,103838
"Kew-308804",1,103837
"Kew-308804",1,103836
"Kew-308804",1,103116
"Kew-308804",1,103115
"Kew-308804",1,103114
"Kew-308804",1,103113
"Kew-308804",1,102393
"Kew-308804",1,102392
"Kew-308804",1,101672
"Kew-308804",1,101671
"Kew-308804",1,100950
"Kew-308879",0.33,100301
"Kew-308879",0.45,99581
"Kew-288211",0.01,100295
"Kew-308879",0.43,100295
"Kew-308879",0.3,99574
"Kew-308879",0.28,99573
"Kew-308879",0.36,100292
"Kew-308879",0.42,100291
"Kew-308879",0.3,99571
"Kew-308879",0.19,98859
"Kew-288211",0.22,98858
"Kew-308879",0.5,98858
"Kew-288211",0.16,98857
"Kew-308879",0.46,98857
"Kew-308879",0.2,98138
"Kew-308879",0.3,98137
"SLB-159390",0.44,98856
"Kew-288211",0.7,98856
"Kew-308879",0.7,98856
"SLB-173431",0.83,98856
"Kew-308879",0.23,98855
"Kew-288211",0.04,98136
"Kew-308879",0.39,98136
"Kew-308879",0.35,98135
"Kew-308879",0.2,98854
"Kew-308879",0.21,98853
"Kew-308879",0.17,98134
"Kew-308879",0.22,98133
"Kew-308879",0.16,97415
"Kew-308879",0.14,97414
"Kew-308879",0.17,97413
"Kew-308879",0.18,96694
"Kew-308879",0.2,96693
"SLB-159390",0.08,97412
"Kew-288211",0.3,97412
"Kew-308879",0.47,97412
"SLB-173431",0.19,97412
"Kew-308879",0.2,97411
"SLB-159390",0.05,96692
"Kew-288211",0.27,96692
"Kew-308879",0.45,96692
"SLB-173431",0.13,96692
"Kew-308879",0.19,96691
"Kew-308879",0.16,95973
"Kew-308879",0.18,95971
"Kew-308879",0.12,95252
"Kew-308879",0.16,95251
"Kew-308879",0.12,94532
"Kew-308879",0.49,100290
"Kew-288211",0.01,100289
"Kew-308879",0.51,100289
"Kew-288211",0.13,99570
"Kew-308879",0.41,99570
"Kew-288211",0.16,99569
"Kew-308879",0.43,99569
"Kew-288211",0.03,100288
"Kew-308879",0.51,100288
"SLB-159390",0.82,100286
"Kew-288211",0.94,100286
"Kew-308879",0.89,100286
"SLB-173431",0.94,100286
"SLB-159390",0.72,100285
"Kew-288211",0.94,100285
"Kew-308879",0.89,100285
"SLB-173431",0.83,100285
"SLB-159390",0.27,99566
"Kew-288211",0.65,99566
"Kew-308879",0.84,99566
"SLB-173431",0.31,99566
"SLB-159390",0.29,99565
"Kew-288211",0.67,99565
"Kew-308879",0.85,99565
"SLB-173431",0.33,99565
"Kew-308879",0.45,100284
"SLB-159390",0.86,99564
"Kew-308804",0.49,99564
"Kew-288211",0.94,99564
"Kew-308879",0.89,99564
"SLB-173431",1,99564
"SLB-159390",0.74,99563
"Kew-288211",0.94,99563
"Kew-308879",0.89,99563
"SLB-173431",0.86,99563
"Kew-288211",0.41,99562
"Kew-308879",0.77,99562
"Kew-288211",0.07,98849
"Kew-308879",0.37,98849
"Kew-308879",0.16,98130
"SLB-159390",0.15,98129
"Kew-288211",0.2,98129
"Kew-308879",0.58,98129
"SLB-173431",0.25,98129
"Kew-288211",0.08,98848
"Kew-308879",0.38,98848
"SLB-159390",0.26,98847
"Kew-288211",0.02,98847
"Kew-308879",0.16,98847
"SLB-173431",0.17,98847
"Kew-288211",0.01,98127
"Kew-308879",0.11,98127
"Kew-288211",0.01,98846
"Kew-308879",0.13,98846
"SLB-173431",0.01,98846
"SLB-159390",0.09,98126
"Kew-288211",0.01,98126
"Kew-308879",0.14,98126
"SLB-173431",0.06,98126
"SLB-159390",0.63,98125
"Kew-308804",0.28,98125
"Kew-288211",0.02,98125
"Kew-308879",0.16,98125
"SLB-173431",0.38,98125
"SLB-159390",0.79,98844
"Kew-308804",0.49,98844
"Kew-288211",0.94,98844
"Kew-308879",0.89,98844
"SLB-173431",1,98844
"SLB-159390",0.79,98843
"Kew-308804",0.49,98843
"Kew-288211",0.94,98843
"Kew-308879",0.89,98843
"SLB-173431",1,98843
"SLB-159390",0.71,98123
"Kew-308804",0.33,98123
"Kew-288211",0.22,98123
"Kew-308879",0.32,98123
"SLB-173431",0.58,98123
"SLB-159390",0.35,98842
"Kew-288211",0.78,98842
"Kew-308879",0.99,98842
"SLB-173431",0.41,98842
"SLB-159390",0.87,98841
"Kew-288211",1,98841
"Kew-308879",1,98841
"SLB-173431",1,98841
"SLB-159390",0.75,98122
"Kew-308804",0.33,98122
"Kew-288211",0.22,98122
"Kew-308879",0.32,98122
"SLB-173431",0.58,98122
"SLB-159390",0.87,98121
"Kew-308804",0.53,98121
"Kew-288211",1,98121
"Kew-308879",1,98121
"SLB-173431",1,98121
"Kew-288211",0.05,97410
"Kew-308879",0.27,97410
"SLB-159390",0.25,97409
"Kew-288211",0.38,97409
"Kew-308879",0.44,97409
"SLB-173431",0.53,97409
"Kew-288211",0.05,96689
"Kew-308879",0.27,96689
"SLB-159390",0.39,97408
"Kew-308804",0.28,97408
"Kew-288211",0.02,97408
"Kew-308879",0.16,97408
"SLB-173431",0.38,97408
"SLB-159390",0.39,97407
"Kew-288211",0.02,97407
"Kew-308879",0.16,97407
"SLB-173431",0.38,97407
"SLB-159390",0.39,96688
"Kew-288211",0.01,96688
"Kew-308879",0.16,96688
"SLB-173431",0.38,96688
"SLB-159390",0.39,96687
"Kew-288211",0.01,96687
"Kew-308879",0.16,96687
"SLB-173431",0.38,96687
"SLB-159390",0.45,97406
"Kew-288211",0.01,97406
"Kew-308879",0.16,97406
"SLB-173431",0.38,97406
"SLB-159390",0.45,97405
"Kew-308804",0.28,97405
"Kew-288211",0.02,97405
"Kew-308879",0.16,97405
"SLB-173431",0.38,97405
"SLB-159390",0.45,96686
"Kew-308879",0.16,96686
"SLB-173431",0.38,96686
"SLB-159390",0.53,97404
"Kew-308804",0.33,97404
"Kew-288211",0.22,97404
"Kew-308879",0.24,97404
"SLB-173431",0.58,97404
"SLB-159390",0.53,97403
"Kew-308804",0.33,97403
"Kew-288211",0.22,97403
"Kew-308879",0.3,97403
"SLB-173431",0.58,97403
"SLB-159390",0.53,96684
"Kew-308804",0.33,96684
"Kew-288211",0.22,96684
"Kew-308879",0.32,96684
"SLB-173431",0.58,96684
"SLB-159390",0.41,96683
"Kew-288211",0.22,96683
"Kew-308879",0.32,96683
"SLB-173431",0.44,96683
"SLB-159390",0.23,97402
"Kew-308804",0.33,97402
"Kew-288211",0.22,97402
"Kew-308879",0.32,97402
"SLB-173431",0.58,97402
"SLB-159390",0.63,96682
"Kew-308804",0.45,96682
"Kew-288211",0.76,96682
"Kew-308879",0.75,96682
"SLB-173431",1,96682
"SLB-159390",0.63,96681
"Kew-308804",0.45,96681
"Kew-288211",0.76,96681
"Kew-308879",0.75,96681
"SLB-173431",1,96681
"Kew-288211",0.13,95970
"Kew-308879",0.31,95970
"SLB-159390",0.19,95969
"Kew-308804",0.35,95969
"Kew-288211",0.34,95969
"Kew-308879",0.41,95969
"SLB-173431",0.7,95969
"Kew-288211",0.03,95250
"Kew-308879",0.24,95250
"Kew-288211",0.12,95249
"Kew-308879",0.3,95249
"SLB-159390",0.25,95968
"Kew-288211",0.26,95968
"Kew-308879",0.35,95968
"SLB-173431",0.62,95968
"SLB-159390",0.25,95967
"Kew-288211",0.13,95967
"Kew-308879",0.35,95967
"SLB-173431",0.62,95967
"SLB-159390",0.25,95248
"Kew-308804",0.28,95248
"Kew-288211",0.26,95248
"Kew-308879",0.35,95248
"SLB-173431",0.62,95248
"SLB-159390",0.33,95246
"Kew-308804",0.35,95246
"Kew-288211",0.3,95246
"Kew-308879",0.38,95246
"SLB-173431",0.66,95246
"SLB-159390",0.33,95245
"Kew-308804",0.35,95245
"Kew-288211",0.3,95245
"Kew-308879",0.38,95245
"SLB-173431",0.66,95245
"SLB-159390",0.39,95964
"SLB-159390",0.39,95963
"SLB-173431",0.24,95963
"SLB-159390",0.39,95244
"Kew-288211",0.24,95244
"Kew-308879",0.52,95244
"SLB-173431",0.84,95244
"SLB-159390",0.39,95243
"Kew-288211",0.48,95243
"Kew-308879",0.52,95243
"SLB-173431",0.84,95243
"Kew-288211",0.22,95961
"Kew-308879",0.52,95961
"SLB-159390",0.36,95242
"Kew-288211",0.76,95242
"Kew-308879",0.75,95242
"SLB-173431",0.81,95242
"SLB-159390",0.31,95241
"Kew-288211",0.76,95241
"Kew-308879",0.75,95241
"SLB-173431",0.71,95241
"Kew-308879",0.18,94530
"Kew-308879",0.18,93809
"Kew-288211",0.01,94528
"Kew-308879",0.24,94528
"SLB-159390",0.12,94527
"Kew-308804",0.33,94527
"Kew-288211",0.01,94527
"Kew-308879",0.01,94527
"SLB-173431",0.03,94527
"Kew-288211",0.06,93808
"Kew-308879",0.28,93808
"SLB-159390",0.14,93807
"Kew-308804",0.36,93807
"Kew-288211",0.19,93807
"Kew-308879",0.15,93807
"SLB-173431",0.47,93807
"SLB-159390",0.23,94526
"Kew-308804",0.38,94526
"Kew-288211",0.44,94526
"Kew-308879",0.49,94526
"SLB-173431",0.8,94526
"SLB-159390",0.23,94525
"Kew-308804",0.38,94525
"Kew-288211",0.44,94525
"Kew-308879",0.49,94525
"SLB-173431",0.8,94525
"SLB-159390",0.23,93806
"Kew-308804",0.38,93806
"Kew-288211",0.44,93806
"Kew-308879",0.49,93806
"SLB-173431",0.8,93806
"SLB-159390",0.18,93805
"Kew-288211",0.44,93805
"Kew-308879",0.49,93805
"SLB-173431",0.64,93805
"SLB-159390",0.24,94524
"Kew-288211",0.58,94524
"Kew-308879",0.6,94524
"SLB-173431",0.8,94524
"SLB-159390",0.28,94523
"Kew-288211",0.58,94523
"Kew-308879",0.6,94523
"SLB-173431",0.94,94523
"SLB-159390",0.28,93804
"Kew-308804",0.41,93804
"Kew-288211",0.58,93804
"Kew-308879",0.6,93804
"SLB-173431",0.94,93804
"SLB-159390",0.28,93803
"Kew-288211",0.29,93803
"Kew-308879",0.6,93803
"SLB-173431",0.94,93803
"Kew-288211",0.32,94521
"Kew-308879",0.59,94521
"Kew-308879",0.23,93088
"SLB-159390",0.01,93087
"Kew-308804",0.38,93087
"Kew-288211",0.46,93087
"Kew-308879",0.46,93087
"SLB-173431",0.84,93087
"Kew-288211",0.15,92367
"Kew-308879",0.33,92367
"SLB-159390",0.02,93086
"Kew-288211",0.31,93086
"Kew-308879",0.5,93086
"SLB-173431",0.13,93086
"SLB-159390",0.11,93085
"Kew-308804",0.4,93085
"Kew-288211",0.56,93085
"Kew-308879",0.59,93085
"SLB-173431",0.92,93085
"SLB-159390",0.05,92366
"Kew-288211",0.45,92366
"Kew-308879",0.59,92366
"SLB-173431",0.39,92366
"SLB-159390",0.11,92365
"Kew-308804",0.4,92365
"Kew-288211",0.56,92365
"Kew-308879",0.59,92365
"SLB-173431",0.92,92365
"SLB-159390",0.17,93084
"Kew-308804",0.43,93084
"Kew-288211",0.7,93084
"Kew-308879",0.7,93084
"SLB-173431",1,93084
"SLB-159390",0.17,93083
"Kew-288211",0.35,93083
"Kew-308879",0.7,93083
"SLB-173431",1,93083
"SLB-159390",0.17,92364
"Kew-288211",0.35,92364
"Kew-308879",0.7,92364
"SLB-173431",1,92364
"SLB-159390",0.17,92363
"Kew-288211",0.7,92363
"Kew-308879",0.52,92363
"SLB-173431",1,92363
"SLB-159390",0.17,93082
"Kew-308804",0.46,93082
"Kew-288211",0.84,93082
"Kew-308879",0.81,93082
"SLB-173431",1,93082
"SLB-159390",0.17,92362
"Kew-308804",0.46,92362
"Kew-288211",0.84,92362
"Kew-308879",0.67,92362
"SLB-173431",1,92362
"Kew-288211",0.13,91647
"Kew-308879",0.27,91647
"Kew-288211",0.25,90927
"Kew-308879",0.34,90927
"SLB-173431",0.18,90927
"Kew-308804",0.42,91646
"Kew-288211",0.58,91646
"Kew-308879",0.54,91646
"SLB-173431",0.97,91646
"Kew-308804",0.42,91645
"Kew-288211",0.58,91645
"Kew-308879",0.54,91645
"SLB-173431",0.97,91645
"Kew-288211",0.58,90926
"Kew-308879",0.54,90926
"SLB-173431",0.84,90926
"Kew-308804",0.42,90925
"Kew-288211",0.58,90925
"Kew-308879",0.54,90925
"SLB-173431",0.97,90925
"SLB-159390",0.02,91643
"Kew-288211",0.76,91643
"Kew-308879",0.71,91643
"SLB-173431",0.62,91643
"SLB-159390",0.04,90924
"Kew-308804",0.46,90924
"Kew-288211",0.79,90924
"Kew-308879",0.71,90924
"SLB-173431",1,90924
"SLB-159390",0.04,90923
"Kew-308804",0.46,90923
"Kew-288211",0.79,90923
"Kew-308879",0.71,90923
"SLB-173431",1,90923
"SLB-159390",0.07,91642
"Kew-308804",0.5,91642
"Kew-288211",1,91642
"Kew-308879",0.9,91642
"SLB-173431",1,91642
"SLB-159390",0.02,90921
"Kew-288211",0.73,90921
"Kew-308879",0.87,90921
"SLB-173431",0.35,90921
"Kew-308804",0.41,90205
"Kew-288211",0.45,90205
"Kew-308879",0.41,90205
"SLB-173431",0.71,90205
"Kew-308804",0.44,90204
"Kew-288211",0.62,90204
"Kew-308879",0.55,90204
"SLB-173431",0.85,90204
"Kew-288211",0.29,90203
"Kew-308879",0.35,90203
"SLB-173431",0.85,90203
"Kew-288211",0.65,90202
"Kew-308879",0.4,90202
"SLB-173431",0.85,90202
"SLB-173431",0.09,90201
"Kew-288211",0.13,98120
"Kew-308879",0.6,98120
"Kew-308879",0.69,98119
"SLB-159390",0.89,98118
"Kew-308804",0.54,98118
"Kew-288211",1,98118
"Kew-308879",1,98118
"SLB-173431",1,98118
"SLB-159390",0.89,98117
"Kew-308804",0.54,98117
"Kew-288211",1,98117
"Kew-308879",1,98117
"SLB-173431",1,98117
"SLB-159390",0.32,98835
"Kew-288211",0.73,98835
"Kew-308879",0.96,98835
"SLB-173431",0.35,98835
"SLB-159390",0.91,98116
"Kew-308804",0.57,98116
"Kew-288211",1,98116
"Kew-308879",1,98116
"SLB-173431",1,98116
"SLB-159390",0.91,98115
"Kew-308804",0.57,98115
"Kew-288211",1,98115
"Kew-308879",1,98115
"SLB-173431",1,98115
"SLB-159390",0.62,98114
"Kew-308804",0.47,98114
"SLB-159390",0.92,98113
"Kew-308804",0.58,98113
"Kew-288211",1,98113
"Kew-308879",1,98113
"SLB-173431",1,98113
"Kew-288211",0.33,98112
"Kew-308879",0.72,98112
"SLB-159390",0.93,98111
"Kew-308804",0.61,98111
"Kew-288211",1,98111
"Kew-308879",1,98111
"SLB-173431",1,98111
"SLB-159390",0.1,97400
"Kew-288211",0.56,97400
"Kew-308879",0.86,97400
"SLB-173431",0.15,97400
"SLB-159390",0.66,97399
"Kew-308804",0.48,97399
"Kew-288211",1,97399
"Kew-308879",1,97399
"SLB-173431",1,97399
"SLB-159390",0.04,96680
"Kew-288211",0.66,96680
"Kew-308879",0.92,96680
"SLB-173431",0.27,96680
"SLB-159390",0.7,97398
"Kew-308804",0.54,97398
"Kew-288211",1,97398
"Kew-308879",1,97398
"SLB-173431",1,97398
"SLB-159390",0.7,97397
"Kew-308804",0.54,97397
"Kew-288211",1,97397
"Kew-308879",1,97397
"SLB-173431",1,97397
"SLB-159390",0.71,96677
"Kew-308804",0.56,96677
"Kew-288211",1,96677
"Kew-308879",1,96677
"SLB-173431",1,96677
"SLB-159390",0.77,97396
"Kew-308804",0.57,97396
"Kew-288211",0.82,97396
"Kew-308879",0.56,97396
"SLB-173431",1,97396
"SLB-159390",0.77,97395
"Kew-308804",0.57,97395
"Kew-288211",1,97395
"Kew-308879",1,97395
"SLB-173431",1,97395
"SLB-159390",0.77,96676
"Kew-308804",0.56,96676
"Kew-288211",1,96676
"Kew-308879",0.71,96676
"SLB-173431",1,96676
"SLB-159390",0.78,96675
"Kew-308804",0.58,96675
"Kew-288211",1,96675
"Kew-308879",0.8,96675
"SLB-173431",1,96675
"SLB-159390",0.85,97394
"Kew-308804",0.58,97394
"Kew-288211",1,97394
"Kew-308879",0.77,97394
"SLB-173431",1,97394
"SLB-159390",0.85,97393
"Kew-308804",0.58,97393
"Kew-288211",1,97393
"Kew-308879",1,97393
"SLB-173431",1,97393
"SLB-159390",0.84,96674
"Kew-308804",0.58,96674
"Kew-288211",1,96674
"Kew-308879",1,96674
"SLB-173431",1,96674
"SLB-159390",0.84,96673
"Kew-308804",0.58,96673
"Kew-288211",1,96673
"Kew-308879",1,96673
"SLB-173431",1,96673
"SLB-159390",0.82,97392
"Kew-308804",0.61,97392
"Kew-288211",1,97392
"Kew-308879",1,97392
"SLB-173431",1,97392
"SLB-159390",0.41,97391
"Kew-288211",0.86,97391
"Kew-308879",1,97391
"SLB-173431",0.5,97391
"SLB-159390",0.11,96672
"Kew-288211",0.55,96672
"Kew-308879",0.86,96672
"SLB-173431",0.14,96672
"SLB-159390",0.4,95960
"Kew-308804",0.52,95960
"Kew-288211",1,95960
"Kew-308879",1,95960
"SLB-173431",1,95960
"SLB-159390",0.4,95959
"Kew-308804",0.52,95959
"Kew-288211",1,95959
"Kew-308879",1,95959
"SLB-173431",1,95959
"SLB-159390",0.19,95240
"Kew-288211",0.84,95240
"Kew-308879",1,95240
"SLB-173431",0.48,95240
"SLB-159390",0.31,95958
"Kew-288211",1,95958
"Kew-308879",1,95958
"SLB-173431",0.74,95958
"SLB-159390",0.42,95957
"Kew-308804",0.56,95957
"Kew-288211",1,95957
"Kew-308879",1,95957
"SLB-173431",1,95957
"SLB-159390",0.48,95956
"Kew-308804",0.56,95956
"Kew-288211",1,95956
"Kew-308879",1,95956
"SLB-173431",1,95956
"SLB-159390",0.23,95955
"Kew-288211",0.83,95955
"Kew-308879",1,95955
"SLB-173431",0.47,95955
"SLB-159390",0.1,95954
"Kew-288211",0.57,95954
"Kew-308879",0.87,95954
"SLB-173431",0.17,95954
"SLB-159390",0.03,94520
"Kew-288211",0.57,94520
"Kew-308879",0.83,94520
"SLB-173431",0.17,94520
"SLB-159390",0.07,93799
"Kew-308804",0.27,93799
"SLB-159390",0.02,94517
"Kew-288211",0.57,94517
"Kew-308879",0.87,94517
"SLB-173431",0.16,94517
"SLB-159390",0.11,93798
"Kew-308804",0.53,93798
"Kew-288211",0.45,93798
"Kew-308879",0.3,93798
"SLB-173431",0.56,93798
"SLB-159390",0.12,93797
"Kew-308804",0.53,93797
"Kew-288211",1,93797
"Kew-308879",1,93797
"SLB-173431",1,93797
"SLB-159390",0.04,94516
"Kew-288211",0.36,94516
"Kew-308879",0.95,94516
"SLB-173431",0.33,94516
"SLB-159390",0.02,94515
"Kew-308879",0.22,94515
"SLB-173431",0.16,94515
"Kew-288211",0.38,93796
"Kew-308879",0.75,93796
"SLB-159390",0.12,93795
"Kew-308804",0.55,93795
"Kew-288211",1,93795
"Kew-308879",1,93795
"SLB-173431",1,93795
"SLB-159390",0.04,93794
"SLB-173431",0.11,93794
"Kew-288211",0.03,100267
"Kew-308879",0.54,100267
"Kew-288211",0.37,99547
"Kew-308879",0.74,99547
"Kew-288211",0.05,100266
"Kew-308879",0.56,100266
"SLB-159390",0.06,99546
"Kew-288211",0.5,99546
"Kew-308879",0.83,99546
"SLB-173431",0.09,99546
"Kew-288211",0.31,98827
"Kew-308879",0.71,98827
"SLB-159390",0.32,98107
"Kew-288211",0.81,98107
"Kew-308879",1,98107
"SLB-173431",0.44,98107
"SLB-159390",0.1,98826
"Kew-288211",1,98826
"Kew-308879",1,98826
"SLB-173431",0.75,98826
"SLB-159390",0.2,98106
"Kew-288211",0.82,98106
"Kew-308879",1,98106
"SLB-173431",0.46,98106
"SLB-159390",0.03,98105
"Kew-288211",0.49,98105
"Kew-308879",0.82,98105
"SLB-173431",0.07,98105
"SLB-159390",0.06,98823
"Kew-308804",0.46,98823
"Kew-288211",0.84,98823
"Kew-308879",0.81,98823
"SLB-173431",1,98823
"Kew-308879",0.19,98104
"SLB-159390",0.07,98103
"Kew-288211",0.79,98103
"Kew-308879",0.81,98103
"SLB-173431",0.6,98103
"Kew-308804",0.37,98822
"Kew-288211",0.4,98822
"Kew-308879",0.41,98822
"SLB-173431",0.79,98822
"Kew-308804",0.37,98821
"Kew-288211",0.4,98821
"Kew-308879",0.41,98821
"SLB-173431",0.79,98821
"Kew-308879",0.3,98102
"SLB-173431",0.79,98102
"Kew-308879",0.1,98101
"SLB-173431",0.68,98101
"SLB-159390",0.22,97387
"SLB-159390",0.32,97385
"SLB-173431",0.4,97385
"SLB-159390",0.02,96666
"Kew-308879",0.6,96666
"SLB-173431",0.07,96666
"SLB-159390",0.18,96665
"Kew-288211",0.45,96665
"Kew-308879",0.98,96665
"SLB-173431",0.54,96665
"SLB-159390",0.04,97384
"SLB-159390",0.05,97383
"Kew-308879",0.74,97383
"SLB-173431",0.76,97383
"SLB-159390",0.03,96664
"SLB-159390",0.01,96663
"SLB-173431",0.04,96663
"Kew-288211",0.23,97382
"Kew-308879",0.44,97382
"SLB-173431",0.57,97382
"Kew-288211",0.45,97381
"Kew-308879",0.44,97381
"SLB-173431",0.61,97381
"Kew-288211",0.38,96661
"Kew-308879",0.42,96661
"SLB-173431",0.41,96661
"Kew-288211",0.12,95945
"Kew-308879",0.62,95945
"Kew-308879",0.26,95223
"SLB-159390",0.05,93080
"Kew-308804",0.46,93080
"Kew-288211",0.84,93080
"Kew-308879",0.74,93080
"SLB-173431",1,93080
"SLB-159390",0.04,93079
"Kew-308804",0.28,93079
"Kew-288211",1,93079
"Kew-308879",0.87,93079
"SLB-173431",1,93079
"SLB-159390",0.05,92360
"Kew-308804",0.46,92360
"Kew-288211",0.84,92360
"Kew-308879",0.74,92360
"SLB-173431",1,92360
"Kew-308804",0.52,93078
"Kew-288211",0.24,93078
"Kew-308879",0.15,93078
"SLB-173431",0.33,93078
"Kew-308804",0.58,93077
"Kew-288211",0.84,93077
"Kew-308879",0.77,93077
"SLB-173431",0.92,93077
"Kew-308804",0.58,92358
"Kew-288211",0.7,92358
"Kew-308879",0.43,92358
"SLB-173431",0.92,92358
"Kew-308804",0.58,92357
"Kew-288211",0.81,92357
"Kew-308879",0.51,92357
"SLB-173431",0.92,92357
"Kew-288211",0.62,93076
"Kew-308879",0.57,93076
"SLB-173431",0.58,93076
"SLB-173431",0.29,93075
"Kew-308879",0.57,92356
"SLB-173431",0.68,92356
"Kew-308804",0.31,91640
"Kew-288211",0.85,91640
"Kew-308879",0.74,91640
"SLB-173431",0.93,91640
"Kew-288211",0.85,90920
"Kew-308879",0.74,90920
"SLB-173431",0.87,90920
"Kew-308804",0.53,91637
"Kew-288211",0.42,91637
"Kew-308879",0.35,91637
"SLB-173431",0.46,91637
"Kew-308804",0.53,90917
"Kew-288211",0.42,90917
"Kew-308879",0.38,90917
"SLB-173431",0.46,90917
"Kew-308804",0.47,91636
"Kew-308804",0.51,90916
"SLB-173431",0.06,91634
"Kew-288211",0.51,90200
"Kew-308879",0.45,90200
"SLB-173431",0.61,90200
"Kew-288211",0.51,89480
"Kew-308879",0.45,89480
"SLB-173431",0.53,89480
"Kew-308804",0.43,89479
"Kew-288211",0.51,89479
"Kew-308879",0.45,89479
"SLB-173431",0.67,89479
"Kew-308804",0.48,90196
"Kew-308804",0.48,90195
"Kew-308804",0.48,89476
"Kew-308804",0.48,89475
"Kew-308804",0.46,88760
"Kew-288211",0.02,88760
"Kew-308879",0.01,88760
"SLB-173431",0.02,88760
"Kew-308804",0.51,88759
"Kew-288211",0.58,88759
"Kew-308879",0.53,88759
"SLB-173431",0.64,88759
"Kew-308804",0.51,88039
"Kew-288211",0.17,88039
"Kew-308879",0.11,88039
"SLB-173431",0.24,88039
"Kew-308804",0.45,88755
"Kew-308804",0.6,88035
"Kew-308804",0.4,87319
"Kew-308804",0.32,87318
"Kew-308804",0.38,86598
"Kew-308804",0.51,87315
"Kew-308804",0.26,87314
"Kew-308804",0.45,86594
"Kew-308804",0.44,86593
"Kew-308804",0.35,86592
"Kew-308804",0.39,86591
"Kew-308804",0.43,86590
"Kew-308804",0.13,86583
"SLB-159390",0.04,100260
"Kew-288211",0.2,100260
"Kew-308879",0.35,100260
"SLB-173431",0.18,100260
"SLB-159390",0.15,100259
"Kew-288211",0.35,100259
"Kew-308879",0.25,100259
"SLB-173431",0.71,100259
"SLB-159390",0.15,99540
"Kew-308804",0.35,99540
"Kew-288211",0.3,99540
"Kew-308879",0.38,99540
"SLB-173431",0.66,99540
"SLB-159390",0.15,99539
"Kew-288211",0.3,99539
"Kew-308879",0.38,99539
"SLB-173431",0.66,99539
"SLB-159390",0.06,100258
"Kew-288211",0.4,100258
"Kew-308879",0.57,100258
"SLB-173431",0.29,100258
"SLB-159390",0.01,100257
"Kew-288211",0.29,100257
"Kew-308879",0.49,100257
"SLB-173431",0.07,100257
"SLB-159390",0.18,99538
"Kew-288211",0.58,99538
"Kew-308879",0.6,99538
"SLB-173431",0.94,99538
"Kew-288211",0.26,99537
"Kew-308879",0.48,99537
"SLB-173431",0.02,99537
"SLB-159390",0.14,100256
"Kew-288211",0.82,100256
"Kew-308879",0.79,100256
"SLB-173431",0.74,100256
"SLB-159390",0.08,99536
"Kew-288211",0.65,99536
"Kew-308879",0.79,99536
"SLB-173431",0.43,99536
"Kew-308804",0.34,98820
"Kew-288211",0.27,98820
"Kew-308879",0.32,98820
"SLB-173431",0.66,98820
"Kew-288211",0.27,98819
"Kew-308879",0.32,98819
"SLB-173431",0.66,98819
"Kew-308879",0.32,98100
"SLB-173431",0.66,98100
"Kew-288211",0.14,98099
"Kew-308879",0.32,98099
"SLB-173431",0.64,98099
"Kew-288211",0.11,98818
"Kew-308879",0.38,98818
"SLB-173431",0.06,98818
"SLB-159390",0.01,98817
"Kew-288211",0.18,98817
"Kew-308879",0.46,98817
"SLB-173431",0.33,98817
"Kew-288211",0.05,98098
"Kew-308879",0.27,98098
"Kew-288211",0.02,98097
"Kew-308879",0.26,98097
"SLB-159390",0.01,98816
"Kew-308879",0.52,98816
"SLB-173431",0.12,98816
"SLB-159390",0.04,98096
"Kew-288211",0.26,98096
"Kew-308879",0.62,98096
"SLB-173431",0.46,98096
"Kew-308879",0.08,97380
"SLB-173431",0.35,97380
"Kew-288211",0.13,97379
"Kew-308879",0.33,97379
"SLB-173431",0.31,97379
"Kew-308879",0.25,96659
"Kew-288211",0.24,97378
"Kew-308879",0.33,97378
"SLB-173431",0.2,97378
"Kew-288211",0.08,97377
"Kew-308879",0.28,97377
"SLB-173431",0.01,97377
"Kew-288211",0.18,97376
"Kew-308879",0.35,97376
"Kew-308804",0.5,100247
"Kew-288211",0.82,100247
"Kew-308879",0.74,100247
"SLB-173431",0.9,100247
"Kew-288211",0.38,99527
"Kew-308879",0.59,99527
"SLB-173431",0.04,99527
"Kew-288211",0.71,99526
"Kew-308879",0.69,99526
"SLB-173431",0.48,99526
"Kew-288211",0.27,98806
"Kew-308879",0.34,98806
"SLB-173431",0.18,98806
"Kew-288211",0.31,98086
"Kew-308879",0.37,98086
"SLB-173431",0.26,98086
"Kew-308804",0.39,98085
"Kew-288211",0.4,98085
"Kew-308879",0.37,98085
"SLB-173431",0.67,98085
"Kew-288211",0.08,97365
"Kew-308879",0.15,97365
"SLB-173431",0.01,97365
"Kew-308879",0.09,96645
"Kew-308879",0.05,95925
"Kew-288211",0.02,95205
"Kew-308879",0.07,95205
"Kew-288211",0.04,93767
"Kew-308879",0.11,93767
"SLB-173431",0.03,93767
"Kew-308879",0.01,94486
"SLB-173431",0.01,94486
"Kew-288211",0.01,94485
"Kew-308879",0.02,94485
"SLB-173431",0.02,94485
"Kew-288211",0.02,93766
"Kew-308879",0.02,93766
"SLB-173431",0.03,93766
"Kew-308804",0.33,93765
"Kew-288211",0.02,93765
"Kew-308879",0.02,93765
"SLB-173431",0.03,93765
"Kew-288211",0.09,92340
"Kew-308879",0.28,92340
"Kew-308804",0.01,87299
"Kew-308804",0.25,86580
"Kew-308804",0.03,87298
"Kew-308804",0.27,86578
"Kew-308804",0.11,86577
"Kew-308804",0.42,86576
"Kew-308804",0.29,86575
"Kew-308804",0.21,86574
"Kew-308804",0.29,86573
"Kew-308804",0.22,87291
"Kew-308804",0.38,86572
"Kew-308804",0.17,86571
"Kew-308804",0.49,93046
"Kew-308804",0.49,93045
"Kew-308804",0.49,92326
"Kew-308804",0.62,91606
"Kew-308804",0.62,90886
"Kew-308804",0.58,89447
"Kew-308804",0.56,90166
"Kew-308804",0.56,90165
"Kew-308804",0.56,89446
"Kew-308804",0.45,88010
"Kew-308804",0.4,88009
"Kew-308804",0.51,88728
"Kew-308804",0.51,88727
"Kew-308804",0.51,88008
"Kew-308804",0.51,88007
"Kew-308804",0.52,88726
"Kew-308804",0.44,87290
"Kew-308804",1,100230
"Kew-308804",1,100229
"Kew-308804",1,99510
"Kew-308804",1,99509
"Kew-308804",0.95,98790
"Kew-308804",1,98070
"Kew-308804",1,98069
"Kew-308804",1,98788
"Kew-308804",1,98068
"Kew-308804",1,98067
"Kew-308804",0.81,97349
"Kew-308804",0.18,96629
"Kew-308804",1,96628
"Kew-308804",0.74,96621
"Kew-308804",0.74,95908
"Kew-308804",0.97,95907
"Kew-308804",0.47,95187
"Kew-308804",0.72,95902
"Kew-308804",0.72,95901
"Kew-308804",0.72,95182
"Kew-308804",0.72,95181
"Kew-308804",0.51,94466
"Kew-308804",0.86,94465
"Kew-308804",0.86,93745
"Kew-308804",0.82,93744
"Kew-308804",0.74,94461
"Kew-308804",0.47,93025
"Kew-308804",0.37,93024
"Kew-308804",0.3,93023
"Kew-308804",0.62,92303
"Kew-308804",0.75,93022
"Kew-308804",0.29,92302
"Kew-308804",0.63,91582
"Kew-308804",0.3,90862
"Kew-308804",0.45,90861
"Kew-308804",0.21,90141
"Kew-308804",0.62,96620
"Kew-308804",0.56,95900
"Kew-308804",0.56,95180
"Kew-308804",0.56,95179
"Kew-308804",0.56,94460
"Kew-308804",0.56,94459
"Kew-308804",0.56,93740
"Kew-308804",0.56,93739
"Kew-308804",0.36,94458
"Kew-308804",0.36,94457
"Kew-308804",0.36,93737
"Kew-308804",0.21,93736
"Kew-308804",0.56,93019
"Kew-308804",0.56,92299
"Kew-308804",0.34,92298
"Kew-308804",0.17,93016
"Kew-308804",0.17,92296
"Kew-308804",0.3,91578
"Kew-308804",0.31,90858
"Kew-308804",0.31,90857
"Kew-308804",0.18,91576
"Kew-308804",0.18,91575
"Kew-308804",0.18,90855
"Kew-308804",0.22,90140
"Kew-308804",0.44,90139
"Kew-308804",0.25,89419
"Kew-308804",0.33,90137
"Kew-308804",0.33,89418
"Kew-308804",0.26,90136
"Kew-308804",0.24,89416
"Kew-308804",0.27,89415
"Kew-308804",0.09,88698
"Kew-308804",0.04,88697
"Kew-308804",0.09,87977
"Kew-308804",0.1,88695
"Kew-308804",0.03,87976
"Kew-308804",0.06,87975
"Kew-308804",0.1,87256
"Kew-308804",0.15,86536
"Kew-308804",0.14,86535
"Kew-308804",0.08,87254
"Kew-308804",0.12,87253
"Kew-308804",0.18,86534
"Kew-308804",0.14,86533
"Kew-308804",0.41,82281
"Kew-308804",0.25,80845
"Kew-308804",0.33,80844
"Kew-308804",0.33,80843
"Kew-308804",0.37,81562
"Kew-308804",0.37,81561
"Kew-308804",0.37,80842
"Kew-308804",0.19,79408
"Kew-308804",0.19,79407
"Kew-308804",0.24,80126
"Kew-308804",0.24,80125
"Kew-308804",0.24,79406
"Kew-308804",0.18,85878
"Kew-308804",0.18,85158
"Kew-308804",0.37,85873
"Kew-308804",0.28,85872
"Kew-308804",0.47,83719
"Kew-308804",0.41,84438
"Kew-308804",0.43,83718
"Kew-308804",0.32,83000
"Kew-308804",0.39,82999
"Kew-308804",0.32,82280
"Kew-308804",0.32,82279
"Kew-308804",0.34,85870
"Kew-308804",0.34,85869
"Kew-308804",0.35,85868
"Kew-308804",0.35,85867
"Kew-308804",0.35,85148
"Kew-308804",0.35,85147
"Kew-308804",0.38,85866
"Kew-308804",0.27,85865
"Kew-308804",0.38,85146
"Kew-308804",0.38,85145
"Kew-308804",0.02,85864
"Kew-308804",0.07,85863
"Kew-308804",0.36,85144
"Kew-308804",0.05,85861
"Kew-308804",0.29,85860
"Kew-308804",0.34,85853
"Kew-308804",0.1,85815
"Kew-308804",0.11,85095
"Kew-308804",0.15,85094
"Kew-308804",0.09,85812
"Kew-308804",0.11,85811
"Kew-308804",0.07,85091
"Kew-308804",0.16,84374
"Kew-308804",0.14,84373
"Kew-308804",0.07,83653
"Kew-308804",0.07,84372
"Kew-308804",0.02,84371
"Kew-308804",0.08,83652
"Kew-308804",0.1,83651
